1000 9893
546 7
821 399
697 145
672 363
134 350
318 395
781 785
626 168
863 661
475 764
459 211
715 644
423 884
719 517
319 807
431 345
752 542
184 26
807 978
20 384
294 227
702 252
189 279
688 602
191 377
303 275
108 713
701 444
850 507
530 324
950 873
844 420
648 135
78 852
799 864
265 729
568 478
640 571
493 675
509 403
28 296
377 506
286 988
715 46
163 663
956 972
919 184
633 681
444 24
852 141
808 235
597 959
780 369
429 861
36 961
25 368
278 2
939 836
500 150
249 914
68 434
931 877
452 785
53 990
957 696
893 570
620 790
70 371
105 388
719 98
776 758
779 265
969 235
607 429
560 952
428 718
909 535
823 113
132 836
651 160
232 488
824 748
306 703
681 985
612 587
594 355
595 895
262 82
915 900
992 273
615 465
858 326
767 746
369 34
955 500
778 7
813 423
898 876
649 306
261 60
82 523
69 995
379 183
510 867
315 883
265 394
768 319
151 626
299 679
172 687
892 254
431 482
646 628
622 979
102 75
873 735
801 298
38 403
425 110
363 278
40 819
415 186
156 889
819 43
213 888
506 242
360 997
561 423
961 846
265 983
340 125
433 309
164 163
496 659
193 405
875 145
1 245
491 136
352 306
207 124
157 855
311 182
42 779
990 269
738 378
278 921
462 170
488 545
785 459
927 31
735 603
296 680
689 183
15 847
508 403
384 283
862 602
442 1
832 665
945 958
673 667
12 307
456 189
964 29
68 106
984 883
954 23
607 947
825 608
464 247
742 158
867 32
341 607
370 193
78 310
815 955
360 55
987 114
21 670
918 644
688 181
66 377
543 761
267 562
334 226
834 882
742 587
158 424
697 58
536 248
942 788
877 961
697 427
789 635
539 600
886 945
323 317
686 408
765 524
138 126
255 706
716 80
972 170
938 982
208 711
563 511
860 983
442 796
264 328
765 878
714 960
587 82
425 987
709 587
132 959
325 818
708 101
938 667
153 961
481 476
465 951
526 386
217 458
92 754
956 107
294 687
619 227
533 735
919 800
3 208
245 397
463 506
969 65
907 490
218 656
897 797
371 200
634 718
233 239
125 457
328 53
699 6
438 46
828 738
854 658
870 109
448 766
695 114
291 280
864 54
223 861
793 254
538 773
105 54
962 509
128 107
414 459
924 647
561 251
814 535
836 75
765 123
881 614
243 337
393 938
694 936
141 1000
381 483
156 385
848 504
665 815
530 556
747 830
608 408
901 403
375 122
983 379
363 658
510 955
179 260
949 296
819 464
972 127
320 677
449 30
674 977
270 28
551 437
833 176
852 916
382 872
235 890
155 93
434 172
579 722
728 184
364 316
662 767
754 628
648 345
83 284
49 732
609 949
784 777
913 939
715 355
365 678
210 873
338 306
283 735
971 413
699 704
888 284
961 592
357 615
429 26
512 818
819 686
876 325
572 974
40 327
636 490
352 105
794 112
79 238
391 226
586 254
163 3
840 405
714 434
81 783
667 512
211 764
761 868
822 428
440 730
332 920
336 347
408 120
674 367
592 556
774 210
553 973
963 151
150 134
638 791
930 52
807 286
208 180
233 775
604 818
385 634
137 457
545 452
618 754
967 997
215 768
657 580
950 733
937 530
646 186
461 384
592 58
835 143
621 354
68 614
436 194
55 872
920 655
616 126
29 333
568 129
956 98
985 472
237 379
330 815
541 323
834 207
940 839
696 148
346 533
221 647
429 954
730 447
986 549
252 676
678 183
735 930
520 209
231 323
639 763
331 425
114 827
481 4
282 620
374 329
322 812
382 836
329 88
148 644
794 178
577 290
528 362
214 909
822 588
948 703
240 764
149 798
666 488
766 26
118 765
103 107
840 443
923 717
645 778
478 725
126 43
793 916
225 362
654 875
245 558
477 671
945 355
777 648
831 581
137 553
758 304
30 188
140 676
609 317
150 629
278 574
472 779
746 254
825 773
534 751
186 329
941 679
953 421
638 819
215 966
253 271
801 393
775 288
82 633
887 435
618 327
507 396
381 427
592 822
864 587
96 549
61 557
910 680
437 282
169 916
425 290
998 661
220 781
242 341
995 145
887 135
342 792
199 129
683 828
852 605
709 820
85 106
782 128
71 75
149 254
377 292
216 102
625 254
308 702
572 451
916 957
921 717
829 492
409 481
65 391
835 679
969 761
810 491
259 99
83 359
605 438
382 785
862 31
735 791
27 892
840 761
735 676
779 598
905 791
429 209
512 843
106 878
970 822
609 157
700 204
942 113
943 920
689 343
136 818
46 277
709 59
641 267
456 47
444 720
46 644
569 985
896 359
951 131
992 464
793 225
150 422
45 308
747 422
458 907
707 820
980 736
584 129
76 477
662 444
595 907
725 824
337 911
712 173
253 275
113 672
497 193
869 70
462 513
449 358
57 105
956 110
711 539
177 768
753 680
646 130
460 177
264 924
85 300
433 827
200 718
621 443
15 198
401 182
939 434
530 141
127 391
881 231
758 367
260 142
460 61
286 906
154 312
745 691
172 905
491 73
516 238
408 643
80 672
1000 977
149 628
64 84
658 922
435 559
862 394
849 857
616 784
672 514
603 790
196 704
119 968
802 301
103 179
286 465
16 245
624 410
642 89
625 695
666 83
671 966
569 900
58 201
571 210
96 50
885 925
758 612
413 867
881 39
470 636
660 420
953 406
121 722
378 294
750 551
110 326
882 423
862 849
797 654
216 853
751 187
156 146
523 130
7 877
547 776
15 358
863 546
632 416
380 542
712 344
731 84
363 574
816 630
972 922
605 211
890 767
82 976
787 471
437 338
612 64
890 622
125 376
530 463
17 672
786 850
769 593
610 609
807 953
728 492
66 239
970 410
507 771
768 407
492 213
833 183
230 801
855 514
66 131
355 292
116 109
568 435
986 590
914 227
296 150
942 749
377 77
586 315
476 391
31 967
128 750
628 513
240 834
835 925
305 954
24 990
222 961
653 185
124 855
250 534
857 614
253 949
334 106
974 975
784 71
70 420
645 934
742 490
603 528
729 717
966 738
935 625
721 685
828 647
703 533
872 530
321 371
524 139
555 546
572 668
370 292
160 746
33 348
250 970
492 855
534 704
756 464
884 269
543 402
54 357
647 496
871 662
394 278
363 851
935 437
169 558
172 935
986 127
803 543
940 412
464 365
172 566
953 474
52 108
181 768
40 684
241 29
78 696
282 745
583 677
518 272
132 107
977 562
942 956
930 616
623 469
716 153
10 867
437 584
582 544
478 124
924 78
818 713
568 480
221 646
939 523
999 923
43 261
897 255
666 676
338 501
464 824
199 736
331 424
995 641
980 43
160 551
291 774
74 154
537 546
496 760
650 835
117 24
838 72
509 350
390 207
149 797
595 453
888 313
619 59
638 485
72 774
681 684
538 47
166 804
689 747
432 446
366 539
205 679
704 330
870 91
176 947
999 317
146 934
385 266
987 100
543 321
585 315
950 493
405 936
428 511
964 217
233 849
604 864
751 243
564 534
214 155
661 328
901 345
631 462
104 81
329 844
807 99
755 274
919 677
816 702
502 817
435 493
33 164
272 953
40 648
494 469
521 223
977 909
796 327
745 759
503 153
17 360
666 887
788 888
715 844
374 238
782 129
855 597
950 843
493 756
486 583
749 451
531 240
633 730
282 798
212 467
326 812
985 213
112 103
421 329
151 48
211 121
166 535
829 205
904 764
444 173
62 708
525 212
653 31
435 538
469 718
642 336
753 627
470 620
650 871
406 209
689 971
83 68
211 123
13 273
487 478
490 462
418 675
166 753
633 22
281 105
652 168
735 416
629 194
280 815
487 700
344 694
309 684
970 726
292 958
612 779
956 389
885 281
509 287
854 856
785 747
860 41
668 227
292 525
405 234
478 976
449 938
909 650
768 802
197 904
225 599
90 863
343 35
91 10
404 421
6 49
651 940
618 297
385 999
177 549
34 934
492 558
612 335
498 155
134 149
47 668
273 567
971 472
591 751
6 339
781 855
964 467
20 459
242 231
211 432
801 234
87 397
513 734
368 337
365 214
388 38
173 824
801 347
401 181
700 591
312 888
652 810
788 544
536 519
313 658
820 81
761 568
446 598
766 811
532 563
347 959
830 824
143 300
620 404
75 777
558 934
1000 978
622 553
821 867
771 59
240 807
24 852
313 989
278 89
136 610
581 400
50 216
226 818
110 920
182 485
18 634
110 970
577 745
874 317
982 800
828 414
979 26
125 342
767 155
624 411
965 205
510 176
242 530
594 831
686 151
335 815
3 838
698 865
36 328
615 164
229 377
5 369
551 700
400 627
516 833
756 78
613 451
741 286
585 354
56 528
811 992
479 630
206 986
105 197
431 607
414 231
413 854
719 664
318 259
985 518
802 84
534 519
670 71
345 272
207 501
897 505
293 720
13 833
394 965
997 877
88 558
160 139
158 394
91 933
38 876
28 200
344 327
572 464
477 565
459 22
845 782
869 719
411 939
217 104
994 368
276 695
351 157
602 381
454 158
717 540
499 771
649 772
354 2
961 234
784 621
469 307
203 363
22 941
153 562
302 353
840 852
822 836
218 868
112 175
888 576
411 279
16 421
454 459
629 503
95 463
425 727
689 898
748 491
325 54
697 867
224 311
741 894
508 759
59 168
153 110
581 150
647 425
74 493
954 376
862 641
115 828
775 890
744 462
395 118
577 896
63 949
376 831
270 753
306 662
76 512
120 324
871 947
485 116
924 741
918 739
724 695
391 672
767 755
517 626
510 616
362 288
17 976
90 134
521 394
522 107
375 778
673 141
102 582
110 44
480 809
194 27
531 904
113 73
954 513
367 564
155 364
375 457
378 351
144 763
221 995
26 755
388 510
447 873
278 453
764 189
491 812
598 146
947 918
341 427
888 894
351 774
647 853
835 717
213 865
30 873
75 832
601 514
97 776
335 306
84 242
47 494
930 954
143 955
365 759
904 705
580 882
600 80
253 630
804 378
79 92
844 619
945 349
978 693
245 466
467 547
488 640
109 643
560 605
83 24
323 521
698 967
326 908
706 870
84 694
359 840
418 894
127 752
242 602
3 456
408 184
29 600
690 306
569 963
383 555
684 276
218 184
963 343
857 473
78 174
742 241
582 526
605 888
931 258
368 874
404 386
544 877
284 680
426 807
860 283
8 570
764 895
656 938
753 490
54 497
269 748
557 486
846 611
318 426
307 919
113 996
21 601
289 613
869 642
164 667
977 908
132 72
174 583
265 361
549 665
554 33
447 689
688 679
268 655
161 569
970 305
712 798
183 572
41 3
476 136
636 980
296 438
330 35
38 368
32 953
344 891
58 937
864 73
154 452
62 709
292 930
235 243
995 525
870 907
506 741
456 371
510 10
58 651
831 820
967 373
124 920
174 604
595 81
525 262
729 667
418 898
662 225
906 703
979 863
599 542
177 489
340 931
328 107
980 627
208 336
817 298
103 589
696 581
234 396
756 265
24 66
162 208
811 165
595 634
467 923
324 556
418 441
117 807
777 870
891 256
214 23
860 541
209 501
256 546
743 789
855 907
507 889
623 415
282 593
544 420
506 51
8 225
463 899
635 466
32 231
35 648
127 278
737 550
956 768
170 669
45 543
615 658
65 274
619 855
585 971
307 333
456 689
120 766
887 606
257 373
987 856
969 501
733 372
365 848
439 457
645 686
482 620
283 613
490 35
793 816
496 912
816 511
507 380
486 63
489 233
186 203
149 362
870 145
194 686
690 363
750 971
589 631
239 322
849 394
757 257
760 27
190 350
63 912
845 862
556 279
833 958
478 973
414 85
769 122
21 477
423 409
198 923
34 88
314 312
741 511
198 810
132 460
671 405
683 459
703 4
262 714
748 755
525 821
380 303
313 354
32 438
269 439
752 581
191 168
368 382
666 829
4 932
299 736
952 246
769 960
75 121
717 906
773 904
96 956
596 557
961 120
17 917
550 234
611 488
829 417
499 770
616 434
299 910
784 622
485 983
658 75
309 229
681 250
809 973
807 622
134 319
586 313
549 947
884 709
679 560
296 39
689 560
339 907
526 413
378 879
452 682
43 953
92 721
311 369
974 563
848 643
517 811
504 185
53 966
3 305
81 721
221 459
151 345
84 812
893 530
384 440
917 258
22 494
813 433
228 663
796 641
140 861
396 311
552 421
739 954
144 426
372 150
836 419
825 524
298 628
996 611
816 249
659 661
785 690
573 691
650 368
98 789
962 574
485 115
68 941
141 807
388 155
202 855
557 223
65 673
289 953
717 409
129 848
612 689
538 572
261 179
617 29
764 852
843 591
114 1
631 484
394 487
678 671
309 200
293 755
721 248
808 682
589 745
829 626
5 80
192 582
907 656
356 292
38 24
557 820
907 987
838 627
144 523
307 201
770 755
329 513
56 327
184 380
22 620
95 110
722 772
562 625
730 267
52 819
515 701
648 26
501 180
672 384
856 477
830 28
877 313
93 458
458 89
187 653
80 731
65 297
193 284
1000 924
967 328
143 954
936 420
649 513
232 897
763 431
469 552
988 456
753 597
153 815
745 709
126 332
254 385
880 848
992 890
274 985
235 308
120 20
177 115
415 201
352 231
280 836
63 603
435 948
573 614
333 193
480 283
962 659
10 292
30 163
785 670
57 263
275 696
403 761
303 277
971 902
614 45
483 179
154 758
708 177
434 196
879 40
517 597
792 108
996 244
7 951
122 697
138 162
506 600
489 654
660 35
223 453
152 378
65 943
63 108
894 638
346 944
904 324
426 8
134 457
588 167
449 441
893 446
731 271
771 290
826 617
635 235
797 184
687 936
470 320
308 411
679 180
276 761
708 644
639 688
733 940
983 541
622 838
225 602
526 136
291 633
38 486
886 250
636 981
734 572
866 110
9 440
47 397
395 612
896 911
240 829
666 297
169 375
667 16
268 125
74 188
594 567
480 251
334 714
830 719
525 35
347 965
163 510
607 507
168 328
791 224
638 263
675 283
359 226
514 135
880 971
799 186
591 4
685 63
872 986
101 264
727 452
140 756
72 2
366 932
719 864
405 232
929 486
767 596
898 254
564 605
719 581
745 142
564 726
121 676
593 875
975 558
517 582
759 629
794 619
815 890
689 375
263 412
877 522
369 307
118 642
314 404
940 320
447 208
33 100
734 828
200 531
309 159
517 929
996 127
781 853
359 809
797 502
700 875
955 754
189 490
764 98
643 55
916 655
296 496
494 503
68 662
355 792
229 586
986 433
62 748
569 229
218 509
293 493
39 761
353 298
635 100
928 68
602 359
910 84
957 199
601 37
788 454
554 149
57 667
259 51
460 624
335 324
734 410
790 408
773 710
635 307
321 655
396 95
87 928
438 998
258 152
860 135
248 308
447 892
598 532
602 987
549 240
163 269
192 267
163 410
59 221
331 848
797 839
1 462
951 450
702 988
870 150
28 839
489 121
70 462
842 447
805 521
167 544
727 488
12 467
71 759
824 825
950 137
629 966
99 839
903 125
910 811
716 974
224 150
21 476
404 468
707 789
814 539
413 130
396 848
988 794
493 340
241 443
186 268
684 3
281 560
983 17
569 325
445 898
682 895
954 760
21 559
904 397
895 752
30 695
233 585
342 101
270 198
804 608
293 687
459 187
796 282
228 372
748 515
416 86
513 568
218 302
717 824
4 933
891 13
104 329
32 38
915 493
835 578
804 531
735 37
882 731
489 815
752 179
571 873
38 302
847 524
44 815
579 726
891 728
273 383
19 623
813 637
446 850
31 960
508 787
1 533
164 231
148 748
210 869
905 707
527 636
162 512
71 592
383 322
802 720
552 23
104 613
165 620
115 913
337 511
335 156
513 412
474 560
572 953
497 753
131 549
261 766
443 247
392 867
90 576
258 655
336 704
46 685
870 13
48 84
727 396
563 599
275 671
686 403
618 77
948 359
125 203
592 544
630 775
704 702
559 880
893 198
556 26
977 107
461 346
872 351
945 533
195 434
125 813
842 919
935 438
39 125
242 75
6 398
797 433
928 448
871 736
986 122
315 668
233 16
760 611
909 647
87 454
610 657
510 987
773 201
207 781
616 98
635 206
329 176
344 293
735 379
398 177
769 803
735 136
644 384
631 43
541 351
856 303
213 254
596 433
189 101
431 152
142 293
847 736
61 171
154 383
886 441
83 316
447 807
602 992
967 396
461 583
943 787
517 708
838 79
183 701
793 894
297 527
754 603
123 813
306 455
969 29
720 917
757 422
704 222
524 73
958 971
533 391
326 541
177 519
462 109
193 968
805 705
944 427
309 375
724 614
353 501
239 91
315 571
689 330
56 853
157 212
802 43
534 594
882 353
632 364
389 506
263 456
301 661
216 703
566 163
806 626
65 942
947 568
347 488
938 221
996 43
678 779
833 338
338 912
295 37
457 503
291 782
948 5
531 23
215 518
643 561
695 792
286 713
661 664
331 13
99 57
818 537
726 118
145 193
811 209
701 927
709 961
892 473
969 620
348 639
113 821
217 809
372 725
18 883
644 963
526 580
352 745
26 996
467 136
933 491
438 539
407 272
26 10
154 450
794 146
784 996
639 68
736 429
590 568
258 471
921 269
560 635
997 538
487 296
898 231
650 580
278 781
172 256
637 724
175 767
680 307
477 483
48 141
193 980
841 832
237 695
703 558
615 274
798 374
12 447
984 888
181 272
2 613
616 820
885 568
335 181
786 697
841 77
418 213
88 36
99 520
811 408
959 339
674 2
566 28
626 779
916 59
593 210
646 100
691 893
820 927
660 960
402 848
441 782
795 683
298 897
831 57
753 246
986 50
596 821
118 433
209 491
691 539
587 666
234 846
588 177
701 398
872 196
963 687
57 952
631 98
355 191
359 671
398 873
627 971
900 43
670 693
236 121
737 548
130 650
458 15
499 985
761 430
528 633
875 338
702 921
255 444
938 644
528 648
785 255
571 554
349 216
117 44
338 810
466 276
952 647
607 329
19 816
704 120
40 336
576 418
867 613
816 497
905 896
799 264
675 310
344 742
880 1000
457 777
793 935
119 885
177 442
361 421
569 904
693 509
295 494
66 280
667 571
121 613
799 46
513 337
987 262
563 297
483 743
682 715
812 58
262 31
772 94
417 70
78 279
209 164
673 885
177 582
824 391
664 112
760 729
262 825
156 468
764 161
431 722
358 918
678 625
290 686
510 813
194 636
223 284
228 486
327 498
208 890
909 697
817 784
325 733
752 583
494 400
36 535
575 318
83 596
210 281
772 50
191 984
105 945
821 523
183 633
259 46
867 197
249 158
321 761
517 265
201 771
728 161
207 285
784 782
657 16
240 838
774 873
614 616
657 417
822 613
787 738
556 100
16 583
118 746
214 981
394 134
1 310
136 531
993 122
615 999
407 546
713 107
834 504
79 154
259 67
603 532
380 683
253 147
806 907
36 367
831 329
58 419
885 478
249 564
582 406
675 48
270 756
513 959
833 920
707 867
515 847
987 147
110 358
461 200
707 240
263 487
531 687
414 849
826 369
294 315
319 988
324 469
949 117
163 672
312 102
95 805
613 952
709 653
32 357
835 990
566 486
329 805
274 222
864 642
920 660
868 202
245 487
262 583
88 700
828 80
165 280
204 242
247 140
48 846
227 416
210 859
231 408
427 227
363 288
364 127
806 98
921 405
244 549
479 350
317 175
458 71
424 75
838 418
676 473
752 47
775 217
795 509
728 8
710 232
514 415
199 621
974 525
277 483
685 422
745 715
102 376
733 442
491 819
934 627
975 109
903 384
945 138
145 679
254 22
435 664
511 580
775 482
150 189
389 163
323 667
50 961
107 752
73 416
77 408
370 610
116 66
561 459
211 302
999 313
533 869
817 178
569 561
396 571
879 340
76 551
3 747
794 738
410 747
253 409
664 138
632 254
134 420
858 320
363 930
327 519
439 87
898 759
294 468
975 883
741 53
891 392
302 165
214 159
513 980
381 422
863 614
221 197
198 643
437 357
919 673
629 719
668 487
635 892
74 557
601 956
68 355
806 349
917 349
670 444
873 560
288 106
986 881
949 363
978 742
886 990
833 194
27 311
100 967
377 702
435 26
611 469
98 224
281 251
961 38
672 63
360 699
37 67
838 383
416 748
369 524
231 354
982 574
179 831
184 743
349 243
847 372
204 730
425 643
52 210
231 243
476 250
261 898
558 872
372 198
28 607
68 412
464 519
417 652
144 68
274 827
168 579
847 394
800 9
210 957
589 528
141 425
357 779
874 231
55 84
811 730
59 913
319 451
504 320
618 752
684 507
426 519
832 526
707 938
687 873
263 248
727 439
742 714
547 53
577 245
750 524
362 693
309 330
592 602
332 989
120 383
988 816
147 272
20 2
98 850
902 96
890 770
716 650
147 129
938 412
167 66
445 636
156 497
512 89
54 464
220 968
831 56
688 314
122 586
344 36
234 828
448 456
761 881
686 900
912 797
549 600
226 950
146 477
574 997
651 2
564 187
89 221
952 221
645 70
721 480
725 488
672 236
297 146
51 153
415 920
318 193
927 97
882 693
133 387
563 370
438 730
19 484
807 583
264 477
799 695
79 675
162 792
179 234
459 682
120 560
631 816
407 970
929 565
504 817
359 461
567 552
972 225
438 996
370 998
762 176
600 868
545 670
607 328
827 526
480 153
316 375
241 487
448 935
512 812
213 745
184 993
295 651
736 908
559 282
127 151
894 143
508 606
534 108
222 520
480 487
708 311
395 78
116 186
449 793
619 293
567 29
826 151
24 387
423 261
597 915
401 815
348 452
869 166
318 692
979 602
432 823
128 16
631 738
424 871
582 740
531 658
894 730
349 863
831 207
502 595
831 161
668 440
82 973
419 641
790 911
520 874
702 203
446 389
730 16
470 287
328 539
775 356
812 526
601 869
657 971
35 843
626 496
866 323
853 71
950 823
554 228
386 658
829 446
425 936
782 686
83 708
709 920
172 916
550 120
900 415
207 367
101 936
182 458
416 532
329 213
88 140
567 524
494 182
164 225
221 496
205 971
176 735
888 275
525 105
84 815
379 937
514 218
25 447
942 178
452 986
642 54
371 170
851 244
708 299
691 557
907 23
339 441
626 17
806 795
418 56
194 595
793 768
742 856
12 199
275 383
459 490
24 189
315 910
869 43
281 530
671 485
146 752
886 678
155 578
927 540
217 829
499 454
366 414
313 274
591 675
794 835
997 344
773 55
725 334
454 988
481 594
925 269
861 655
844 419
792 498
294 964
178 869
199 953
389 609
69 477
528 578
982 531
371 128
198 2
878 992
204 695
814 328
118 981
879 802
164 5
480 210
745 714
482 928
999 197
693 938
782 661
805 796
198 884
922 24
761 48
487 262
698 963
420 333
280 728
851 35
102 91
854 824
233 280
470 735
33 562
242 598
499 125
742 395
580 306
361 124
824 772
861 311
111 840
78 3
210 139
532 582
699 181
37 806
119 578
140 561
234 404
807 427
917 231
315 573
492 711
879 53
538 543
845 846
155 945
228 907
85 560
746 410
214 156
397 980
290 356
672 65
81 297
834 873
613 498
341 791
33 206
240 406
707 410
925 463
553 544
494 478
351 51
318 136
178 551
51 271
948 7
381 888
539 482
96 904
251 395
653 598
856 670
982 482
768 799
472 103
332 985
740 304
9 656
69 544
235 824
640 542
515 666
260 807
990 114
152 96
835 685
875 360
643 382
718 806
494 794
740 534
944 815
155 136
771 450
683 766
978 514
913 885
571 625
42 761
95 369
154 115
763 573
801 984
567 997
699 277
37 390
719 222
315 44
244 254
83 56
469 811
617 525
317 743
399 565
92 41
205 326
816 309
564 947
840 187
574 630
755 776
906 778
51 913
582 479
381 246
272 598
862 895
690 564
747 557
519 91
176 257
478 282
343 175
539 898
994 916
43 64
997 271
416 222
843 665
152 712
944 943
469 87
274 39
1000 283
584 602
278 120
223 105
799 912
302 408
621 70
434 304
882 690
667 290
795 233
892 511
365 409
847 565
867 171
748 486
264 478
268 318
434 18
883 833
700 281
370 916
334 523
135 558
834 467
353 119
827 902
991 667
403 866
558 794
419 173
266 698
819 298
567 600
172 615
456 260
218 943
168 152
795 341
140 38
468 427
698 520
368 677
192 445
102 144
803 207
597 647
572 912
448 919
283 903
858 953
72 697
720 750
475 44
646 661
719 833
867 978
273 659
102 845
565 619
158 51
243 169
390 230
449 570
211 967
223 231
811 884
161 95
289 2
927 476
570 245
475 891
974 339
746 466
552 807
937 575
220 941
569 126
21 972
584 664
983 368
971 328
316 515
548 44
584 743
804 824
62 250
389 874
378 183
805 338
332 356
7 237
473 778
271 507
705 119
578 255
264 363
549 814
217 269
725 237
987 922
843 350
539 121
633 774
842 26
715 280
421 669
796 501
125 488
549 145
496 545
116 330
945 364
749 733
32 106
58 335
426 894
225 214
853 988
413 575
430 903
554 278
70 414
71 883
421 832
571 959
98 975
210 21
874 60
713 250
681 596
591 249
495 212
965 276
931 156
346 356
681 997
370 490
760 938
608 238
437 252
442 64
744 510
989 785
581 725
235 879
215 59
896 67
733 570
137 353
564 568
930 190
489 662
128 364
243 419
885 784
373 778
712 378
402 918
707 417
892 99
747 928
697 123
915 44
238 853
582 460
938 119
846 532
977 923
372 923
88 702
147 775
223 16
919 528
908 754
452 373
655 423
490 897
457 359
483 550
303 121
89 389
951 957
668 65
28 288
875 399
683 516
598 369
819 68
144 188
307 280
545 724
182 567
537 548
538 279
226 459
141 306
699 264
984 722
966 294
235 296
951 406
510 98
274 868
774 629
244 10
997 628
482 643
546 524
306 597
664 639
719 658
339 487
98 482
90 547
254 246
326 675
383 982
893 224
525 767
675 46
383 935
44 7
169 303
736 587
485 147
340 874
271 808
771 720
684 55
449 738
391 643
655 598
323 217
313 83
924 629
726 457
34 783
164 201
272 920
276 816
225 920
657 743
694 794
950 688
479 248
545 106
927 640
622 104
735 459
60 593
96 794
117 608
100 882
946 590
604 688
53 420
388 479
209 686
919 502
248 719
209 831
28 149
1000 734
914 146
109 798
616 398
709 607
502 247
765 819
537 998
875 248
966 209
895 245
494 906
390 925
266 647
763 591
782 711
801 104
70 181
932 869
3 252
634 464
743 150
727 781
250 473
128 603
609 150
130 233
442 311
922 125
742 330
118 720
180 871
867 574
275 909
495 814
776 666
27 512
138 278
840 301
272 425
220 23
497 702
336 764
727 448
860 39
632 596
831 614
772 644
300 494
159 293
881 993
552 671
467 745
997 987
897 245
898 550
977 39
673 878
105 380
693 355
397 870
327 741
863 567
60 928
132 469
702 230
764 152
695 554
977 933
147 240
590 260
501 643
963 882
602 222
747 987
414 574
402 990
762 536
194 92
198 636
623 309
208 800
884 24
717 993
350 218
788 545
892 393
40 904
864 391
957 936
619 556
620 259
444 542
970 350
787 892
187 600
353 304
830 802
601 90
143 585
330 64
258 229
79 847
924 338
17 138
606 84
184 645
938 530
903 548
502 971
227 553
249 993
822 924
681 460
663 100
282 385
68 498
819 346
213 759
453 184
440 889
239 619
793 827
12 233
286 472
324 171
839 756
82 101
564 993
546 564
159 175
21 47
336 728
615 162
823 859
289 694
508 318
609 269
2 725
629 962
557 101
704 551
758 750
871 901
487 956
93 517
224 732
25 797
232 183
105 207
983 188
324 367
822 250
309 477
259 808
189 695
302 910
110 171
665 734
918 696
480 916
82 568
319 933
447 240
569 442
842 974
726 352
748 744
731 474
631 169
989 926
350 62
501 520
502 883
319 667
450 982
109 51
863 808
94 409
388 287
450 841
14 126
691 278
428 912
382 743
308 718
645 201
973 748
18 807
517 271
244 627
227 359
247 632
343 889
202 43
94 917
386 946
960 467
28 483
321 623
196 525
801 677
328 413
365 670
650 854
761 169
889 92
541 699
527 632
567 959
288 719
418 626
633 108
718 569
904 521
300 882
546 886
50 841
624 302
951 397
719 145
850 288
82 182
279 496
597 629
301 88
73 393
898 170
633 321
85 998
11 975
172 840
660 464
272 497
92 18
521 782
993 857
650 746
908 294
837 344
250 866
396 530
471 78
864 234
370 351
941 298
870 557
603 311
766 193
309 384
807 385
479 592
869 216
301 540
820 572
342 328
492 733
720 376
459 492
68 854
176 458
665 761
8 659
741 111
378 391
219 450
473 15
276 908
81 348
209 423
851 784
638 584
894 982
568 689
38 130
425 351
647 540
51 309
397 737
380 447
83 900
194 311
410 980
499 884
541 347
763 215
486 594
52 824
445 509
539 294
558 518
369 399
458 66
187 640
614 809
120 605
635 270
881 382
877 453
606 157
718 891
754 656
24 867
424 221
813 605
117 112
745 831
796 941
643 34
277 480
443 984
412 981
396 498
679 817
314 871
940 759
687 282
219 942
925 3
465 290
709 79
602 176
205 672
171 592
88 416
637 701
638 206
768 686
950 218
219 844
29 707
316 609
367 181
628 87
24 509
833 889
150 525
137 674
57 379
846 181
495 457
53 291
690 993
785 947
867 662
83 893
523 195
119 354
319 108
939 19
668 627
427 199
907 753
982 151
161 503
623 163
630 645
42 402
557 625
173 956
142 969
133 138
541 29
320 399
18 240
492 133
131 489
556 574
557 787
49 848
144 620
108 437
271 397
387 128
939 479
412 373
506 136
880 437
643 467
130 674
773 749
725 164
729 289
201 984
847 369
260 583
140 173
16 483
770 788
93 203
650 878
706 930
344 927
150 237
542 675
409 37
317 628
82 64
788 615
435 761
558 73
106 8
609 119
370 389
651 374
689 63
585 510
548 246
53 595
202 950
668 915
284 996
530 908
638 117
907 887
830 135
257 292
295 292
246 818
137 734
530 799
330 528
472 747
345 611
876 841
20 13
884 180
18 914
253 299
838 754
901 277
426 183
835 17
251 822
981 648
798 822
285 129
177 824
960 311
61 698
789 60
962 39
726 180
378 302
341 154
568 210
397 728
481 559
464 699
816 544
856 717
235 760
640 734
532 484
570 531
994 359
703 492
351 166
725 501
526 254
397 442
71 39
592 342
386 653
597 171
853 17
302 265
164 490
790 546
477 597
875 342
519 817
350 388
387 410
979 340
407 967
28 408
640 794
218 826
774 897
889 71
780 306
709 340
70 150
219 712
606 996
866 849
85 677
400 136
728 882
675 685
418 734
738 279
662 20
521 896
851 221
157 596
526 478
148 891
300 60
374 885
324 74
591 148
333 132
867 980
483 747
67 488
379 458
289 806
55 347
612 564
160 565
57 435
388 973
538 542
147 158
439 734
595 540
63 82
998 619
690 824
358 906
590 353
527 368
621 373
418 375
556 736
834 990
318 247
798 701
844 43
442 999
740 404
155 310
341 47
415 1000
550 157
221 521
874 821
626 382
365 490
772 62
593 527
425 941
672 122
711 59
365 635
173 584
174 867
508 664
573 237
112 166
581 492
838 469
197 467
406 33
727 839
675 760
861 157
865 218
135 818
140 964
303 520
693 920
865 75
370 747
118 537
17 549
538 138
864 397
628 350
116 106
319 439
466 169
931 49
43 433
634 602
357 209
361 22
270 760
492 824
642 855
133 576
371 973
851 471
625 761
603 928
492 847
936 695
372 1
650 461
923 979
104 863
488 62
90 798
33 186
919 763
993 683
497 496
155 982
266 325
146 505
591 575
670 170
229 858
485 416
679 955
103 162
419 782
163 102
302 645
17 747
527 502
368 257
562 777
778 730
138 637
744 916
711 360
843 816
259 753
919 639
356 474
613 646
48 834
857 236
877 17
181 554
754 348
208 632
834 196
587 388
109 824
594 795
60 284
740 750
152 847
950 170
438 641
679 637
203 268
442 588
672 501
965 656
92 540
934 917
848 726
61 279
980 51
321 586
31 931
13 404
680 299
736 535
74 130
116 220
296 920
336 869
944 612
250 451
213 573
42 780
648 255
571 927
922 103
904 550
447 512
178 311
767 203
749 940
842 286
926 683
93 904
404 853
374 915
638 380
509 184
242 597
39 649
67 642
84 556
987 469
76 716
78 6
551 336
713 357
794 750
154 577
418 202
20 106
21 287
135 447
452 509
163 610
422 443
628 737
168 972
940 346
428 390
565 835
655 644
721 77
647 349
704 957
134 304
427 198
527 315
252 433
570 794
844 141
129 592
612 433
632 591
947 684
752 564
768 265
74 512
108 298
739 782
723 291
836 117
720 561
890 430
122 788
230 577
489 406
968 704
184 175
536 900
649 107
43 660
411 104
189 786
782 137
285 591
199 9
700 530
682 485
602 316
434 154
293 213
645 256
244 517
389 578
526 61
399 268
914 291
936 503
633 851
913 985
974 706
980 87
908 212
526 351
487 65
353 101
482 579
275 798
681 359
205 609
847 406
848 559
971 743
46 435
946 157
505 659
399 641
479 625
572 911
439 128
480 479
467 111
125 315
7 461
873 297
103 356
237 690
932 662
3 698
445 532
392 655
476 366
46 764
324 486
568 734
77 154
560 188
190 459
870 345
727 288
719 652
77 979
489 707
306 955
489 688
54 293
792 78
78 431
885 805
375 251
124 57
61 319
739 588
707 490
912 898
930 343
894 924
623 198
755 502
792 364
388 159
636 51
122 371
179 306
278 106
90 411
612 36
5 402
191 443
952 258
669 860
800 21
873 673
532 596
700 566
807 754
5 692
227 508
725 101
818 649
936 324
131 226
756 548
443 692
194 224
339 775
892 617
253 725
434 17
217 423
127 236
295 976
494 821
244 904
814 276
804 298
400 16
308 953
918 310
331 616
593 861
255 985
266 697
502 499
24 971
384 692
939 902
46 92
304 331
395 868
168 298
266 923
983 634
131 719
120 82
525 291
33 621
20 861
292 986
242 669
791 480
685 29
997 795
928 309
193 907
31 447
471 164
110 476
400 619
909 824
64 920
673 558
506 841
43 370
6 563
986 334
513 118
113 746
276 148
738 971
691 815
837 533
842 893
560 390
502 599
358 907
695 520
788 158
172 292
7 522
321 263
229 950
657 685
119 47
596 854
118 406
744 65
570 956
878 396
934 418
131 403
683 238
711 363
416 987
571 897
824 117
42 141
374 46
28 893
70 823
329 511
26 441
943 438
602 756
820 291
365 634
90 316
122 839
84 230
486 662
841 485
917 952
899 197
791 979
170 523
154 404
562 313
525 131
952 569
75 954
595 323
596 232
979 224
357 540
709 311
946 43
857 764
72 900
219 727
885 22
26 125
101 519
342 869
936 892
951 60
662 49
519 728
922 290
94 266
139 20
16 857
291 337
978 13
413 862
819 967
362 870
110 504
129 143
711 178
409 687
671 195
432 888
788 493
853 918
3 771
632 231
637 106
530 868
949 862
683 270
446 248
780 712
323 143
17 968
73 779
755 144
155 582
907 727
878 78
73 805
152 660
426 31
100 202
670 314
564 345
267 709
891 516
822 105
938 114
880 416
742 664
601 980
957 9
195 615
658 373
949 274
904 141
853 246
640 647
911 653
166 183
449 179
492 65
813 953
647 845
65 433
839 229
201 849
77 185
330 55
847 750
816 859
778 799
374 468
545 632
676 454
783 546
507 757
790 346
709 666
106 993
586 471
587 43
813 748
738 782
547 448
359 102
789 387
554 536
188 782
456 430
992 224
899 364
267 502
126 81
680 349
612 792
172 425
49 178
675 66
568 711
217 415
99 820
135 68
410 581
395 283
860 205
402 565
77 245
617 960
990 226
253 404
389 346
427 27
470 159
570 57
150 851
646 114
963 10
712 266
750 454
143 156
220 993
631 449
637 339
648 993
556 794
995 266
942 775
579 386
191 305
748 562
217 910
377 798
129 704
920 757
904 218
526 881
436 351
331 3
812 978
86 299
549 641
260 156
117 889
212 373
52 798
476 546
761 75
316 155
340 17
530 65
325 835
916 822
900 339
178 103
622 538
734 48
594 671
576 190
832 40
390 912
616 687
250 373
295 803
365 868
974 925
595 488
633 29
7 302
135 885
706 979
90 736
126 152
137 913
762 490
345 982
309 691
680 313
664 606
432 34
340 939
17 513
556 299
495 9
780 803
298 340
577 652
112 905
189 831
794 707
281 428
873 74
90 804
272 729
276 241
206 886
697 135
600 829
736 374
987 79
533 471
241 353
350 669
890 894
446 176
945 599
237 245
517 963
720 209
95 747
742 582
981 662
708 946
838 769
370 764
752 706
312 35
104 197
39 362
757 736
868 143
942 914
947 824
633 776
327 42
556 540
831 334
9 807
503 485
565 282
108 411
19 378
203 489
776 31
243 984
843 217
465 787
250 183
967 376
936 468
496 347
761 289
889 468
232 945
49 685
947 244
109 545
519 832
574 437
528 285
785 130
932 247
515 41
61 463
415 104
111 569
258 437
991 933
704 237
106 421
962 897
463 380
266 920
562 1
802 566
784 85
924 3
495 847
281 253
998 916
699 332
235 386
823 29
394 878
500 870
907 238
34 142
783 431
77 300
3 665
868 521
957 840
873 405
413 234
784 386
162 42
381 150
399 299
312 387
845 807
663 922
603 349
822 249
43 130
67 274
446 221
522 412
360 30
694 935
733 579
493 222
169 568
632 948
865 528
228 29
12 782
808 897
1 778
360 828
323 432
622 180
750 105
252 361
943 445
863 686
240 176
866 348
648 151
489 892
378 34
182 914
353 480
852 782
66 903
583 110
434 163
275 267
736 670
476 409
630 62
262 213
154 405
338 406
853 277
710 134
879 789
878 952
455 537
719 380
443 945
120 802
984 331
624 210
827 791
249 883
362 50
784 745
535 207
320 965
742 273
376 106
874 169
876 463
382 384
516 520
665 210
131 554
337 257
559 682
983 910
181 432
721 667
59 988
735 972
304 37
603 667
803 461
197 934
806 796
272 515
519 505
150 612
67 454
730 522
613 218
380 903
141 863
436 657
609 671
756 474
7 826
409 607
484 165
307 548
604 150
973 103
8 519
831 153
428 412
391 566
164 906
458 683
792 135
787 396
661 427
114 392
665 552
336 146
673 117
768 303
164 234
534 794
572 255
652 901
543 984
69 789
14 174
949 273
705 821
298 357
986 790
136 487
688 692
71 233
143 748
98 73
464 931
49 523
964 976
179 184
951 558
757 875
752 37
774 956
743 281
378 651
509 483
774 847
23 217
5 830
64 406
282 85
430 197
434 824
130 1
496 577
409 78
887 911
31 195
982 865
81 582
10 458
706 895
193 848
413 543
784 157
788 573
861 385
701 568
979 842
907 217
128 768
970 523
105 621
478 994
281 294
890 572
983 771
551 639
607 835
521 696
47 993
225 690
501 905
561 824
86 765
177 567
713 581
966 881
589 234
789 792
593 239
811 176
216 646
367 893
99 755
996 67
878 724
233 633
53 142
748 563
170 508
68 589
968 627
751 840
60 621
385 893
464 722
216 339
381 245
56 508
743 889
514 825
558 694
69 555
398 775
913 78
715 994
13 957
992 577
735 907
41 155
387 419
649 980
192 662
762 55
283 370
433 289
447 832
374 672
726 565
953 971
843 491
668 130
758 218
80 989
889 25
714 404
382 254
404 900
166 751
6 592
488 557
395 203
859 558
927 25
594 849
991 977
813 497
338 19
488 956
966 657
624 504
628 400
426 638
816 298
54 598
376 785
577 449
432 35
715 864
2 717
813 147
979 727
440 669
564 883
262 42
746 217
986 360
5 351
813 162
759 589
873 218
176 262
487 890
881 711
842 839
630 986
993 936
243 494
105 497
821 459
859 136
534 204
682 899
129 513
829 976
316 645
905 729
319 786
821 124
91 851
899 670
388 153
263 715
838 913
520 344
518 327
816 547
342 819
551 389
448 46
186 807
78 873
200 196
657 882
640 576
326 359
863 4
723 657
631 1000
815 225
619 544
250 467
948 262
335 531
572 506
107 957
830 806
559 236
9 512
909 429
641 823
680 843
697 627
738 65
689 515
467 173
451 720
641 928
409 632
809 250
502 540
338 322
779 623
118 929
343 548
549 329
254 449
241 998
149 859
888 379
779 764
157 672
250 616
698 900
475 261
96 94
280 789
231 832
328 33
516 676
556 377
907 225
845 853
186 50
81 168
409 721
393 756
512 374
666 727
152 109
621 959
214 511
217 521
401 690
57 500
594 377
997 76
12 696
436 988
772 598
831 245
742 912
891 438
393 39
600 905
387 305
916 341
479 175
975 810
7 516
161 115
133 511
753 314
825 149
899 762
76 41
497 452
317 305
63 317
677 561
234 941
140 175
812 923
616 300
299 616
502 17
695 974
430 154
421 469
978 786
528 973
66 900
786 397
770 518
202 196
934 797
331 296
973 889
692 999
490 731
735 963
581 489
946 86
922 854
914 504
329 168
210 861
795 473
211 61
509 288
700 143
82 178
374 906
747 172
340 526
723 248
384 288
917 378
666 186
150 283
614 220
893 779
620 965
453 442
719 218
864 127
2 770
298 637
813 74
907 13
690 663
897 23
311 1000
594 59
152 218
245 937
450 451
197 225
396 925
814 575
254 520
548 638
91 253
789 884
459 369
901 362
761 977
713 722
9 162
215 788
741 252
726 128
711 468
364 705
950 600
275 208
513 574
425 323
962 812
834 80
717 933
331 246
957 150
411 968
813 461
278 322
236 440
553 394
780 154
745 914
827 596
350 323
188 42
859 691
145 281
352 291
447 766
390 581
762 242
505 267
509 339
1 506
440 838
258 459
188 776
316 309
468 488
331 212
399 686
735 618
370 522
921 170
261 841
62 896
488 577
362 934
127 762
438 115
385 101
592 133
339 490
56 756
326 676
954 4
977 701
538 839
298 736
155 873
582 516
643 949
287 680
935 364
908 633
299 214
82 730
599 963
660 69
152 468
760 681
530 729
553 776
310 613
350 566
721 66
363 697
694 654
364 805
57 827
989 962
4 982
482 312
392 48
925 378
711 329
260 993
81 251
459 968
691 293
882 527
805 277
990 787
496 83
117 653
958 333
28 146
984 200
326 395
405 866
688 800
947 109
495 206
516 254
405 110
335 280
28 432
541 898
412 535
736 583
448 803
178 500
553 128
22 858
3 227
740 882
905 771
525 90
818 36
547 510
932 629
254 426
625 566
554 762
110 741
475 312
28 884
358 471
567 129
344 641
534 458
516 705
969 729
923 705
124 624
294 447
215 961
519 435
81 835
867 956
626 1000
620 668
328 996
719 792
996 435
375 982
108 832
582 608
487 996
479 916
617 51
926 109
30 422
161 181
659 434
347 302
204 365
388 868
545 303
752 885
401 503
792 192
388 779
405 691
902 878
946 781
708 956
782 479
747 990
625 749
186 962
61 694
703 123
241 260
237 21
51 369
846 704
503 487
621 64
693 11
614 907
61 9
562 558
105 989
770 547
878 576
936 327
575 792
44 828
231 302
657 147
558 941
509 437
689 514
637 844
286 656
89 738
92 711
311 359
266 676
1000 876
819 304
657 445
491 867
477 140
80 954
568 991
770 103
241 997
41 545
975 34
724 226
885 337
301 128
310 118
137 540
393 618
401 919
954 77
140 608
698 86
335 179
824 544
733 976
366 171
225 761
194 872
316 528
547 820
416 274
273 639
271 924
665 673
812 336
240 634
694 852
988 561
536 178
555 254
647 678
377 940
251 71
240 468
57 770
830 391
743 930
411 823
655 216
513 567
809 648
170 434
902 899
156 97
798 560
952 128
381 826
772 427
151 830
796 49
268 762
913 235
476 816
100 533
364 162
681 224
455 757
989 200
850 802
597 60
658 208
538 394
922 877
583 747
559 112
212 141
784 774
774 865
206 423
245 451
502 466
880 814
704 92
942 74
305 7
32 729
271 345
922 190
893 665
345 995
732 793
883 415
556 463
244 419
82 66
512 557
31 15
480 265
147 650
86 213
149 193
137 649
902 336
376 953
33 360
104 456
182 44
681 888
673 952
627 977
105 174
146 600
313 57
941 711
122 683
813 880
949 204
769 382
509 581
313 170
441 989
25 542
523 566
716 344
142 147
815 612
485 573
103 962
199 259
346 853
899 729
916 729
578 240
904 289
235 567
546 227
743 855
66 924
1000 345
198 456
790 652
256 659
921 851
408 954
602 292
136 376
279 111
527 901
930 945
572 274
118 812
619 777
875 328
680 915
3 134
921 399
577 317
944 536
62 679
169 58
451 568
713 387
97 789
931 468
159 695
853 521
430 826
987 523
917 931
115 884
650 937
652 15
159 41
127 741
384 269
662 323
958 762
979 342
111 123
102 956
875 636
309 382
38 660
701 936
112 864
703 642
999 811
561 173
811 93
710 590
850 761
744 448
820 541
33 485
342 361
785 950
626 796
218 866
264 655
211 849
802 403
143 153
207 970
910 8
643 794
511 576
55 978
459 237
389 138
952 90
66 184
86 191
753 82
200 814
61 883
304 509
959 910
156 937
23 457
927 561
670 582
52 285
285 764
605 743
400 266
74 369
771 301
493 633
921 728
278 367
709 601
691 450
208 30
31 833
353 159
469 609
883 795
757 254
39 787
120 749
31 899
254 736
849 872
61 424
525 89
374 721
712 544
396 415
895 465
292 204
757 16
219 516
745 568
525 426
709 413
250 594
948 791
421 945
280 827
227 894
67 725
693 681
172 563
625 791
310 107
662 252
421 770
109 429
923 704
381 30
314 201
888 174
337 216
814 666
945 793
584 167
124 736
894 452
162 5
381 143
916 238
242 855
495 123
544 789
137 705
582 609
159 432
495 488
461 136
9 287
372 613
533 468
937 699
518 136
983 500
640 6
589 29
766 383
705 544
812 764
996 97
209 562
655 854
638 570
34 514
591 864
479 218
47 902
998 674
982 39
975 490
344 375
731 357
181 844
165 375
41 313
811 461
100 796
618 977
583 865
565 246
308 321
950 944
130 609
94 310
812 945
726 939
229 705
602 365
207 721
570 655
443 603
578 146
762 887
657 769
697 512
574 350
633 642
930 902
697 473
109 909
738 95
297 259
373 40
176 604
783 615
17 140
662 860
294 624
960 124
762 184
704 342
933 263
239 512
221 21
775 612
183 992
770 100
827 893
719 187
701 668
1 907
429 441
729 595
126 29
241 885
572 943
684 689
443 229
343 260
969 173
453 452
182 130
755 892
537 433
629 859
371 71
119 765
780 883
304 60
430 588
1 124
789 11
152 192
25 886
941 448
245 979
323 121
585 366
78 237
813 775
823 286
881 528
953 131
77 11
6 9
209 147
156 446
566 241
34 990
168 904
461 317
87 327
551 244
897 501
20 268
151 746
105 636
198 325
186 999
208 883
282 742
910 284
926 95
215 592
991 147
556 964
721 427
951 801
49 915
527 130
325 998
291 682
517 504
791 777
423 645
731 924
257 767
184 585
458 40
862 354
408 893
265 904
490 729
974 655
600 64
412 600
604 213
914 502
990 149
24 956
24 28
634 419
463 63
232 831
247 660
74 248
123 701
107 208
456 438
701 35
420 337
774 640
619 899
483 991
861 999
581 154
802 601
110 674
129 481
718 477
732 674
163 158
970 530
664 921
352 665
370 454
245 518
362 866
453 585
962 565
154 630
393 790
227 467
733 898
901 694
461 255
318 344
368 969
483 488
533 268
441 988
5 163
206 732
462 586
319 967
911 131
290 715
596 775
461 434
411 869
713 793
960 986
777 52
192 628
446 425
673 507
782 263
730 252
948 43
455 37
424 647
80 281
435 9
878 287
27 211
725 424
359 734
86 370
514 707
507 939
364 112
140 417
773 755
5 537
451 797
201 806
990 230
296 14
776 312
64 122
27 878
563 80
835 983
732 553
473 698
516 314
444 269
961 925
837 226
378 761
59 174
466 100
374 613
343 750
239 425
455 796
248 84
913 572
699 495
929 967
810 972
776 884
556 998
475 550
566 284
572 710
205 299
775 995
91 396
917 126
901 537
816 111
33 267
107 354
822 53
695 313
826 56
500 639
379 864
927 986
665 751
595 618
803 218
764 883
289 195
705 603
982 169
68 569
34 889
705 756
189 475
856 584
284 497
930 447
271 245
809 694
439 158
95 913
962 76
835 486
268 605
110 849
125 666
364 950
420 608
256 705
994 349
483 790
338 793
824 917
484 623
92 808
539 363
387 134
964 928
87 691
681 174
369 938
151 214
429 912
585 586
143 931
568 376
808 295
420 213
682 256
666 653
925 292
478 218
908 834
175 333
396 174
292 495
954 197
984 407
287 276
41 954
244 855
47 757
447 978
162 606
14 999
951 322
202 335
150 231
67 583
14 38
913 655
589 758
719 87
45 4
710 894
306 624
337 160
319 458
642 873
2 712
370 270
637 373
120 281
673 517
565 543
488 861
290 79
239 16
955 323
554 258
443 591
159 576
916 461
534 628
518 137
884 505
78 432
815 825
345 263
368 608
99 272
820 733
53 239
327 256
320 626
913 483
734 581
204 220
483 111
269 280
809 803
801 600
169 156
706 429
815 381
84 489
545 873
1 971
364 41
950 800
627 981
395 735
826 23
960 351
407 108
511 8
370 908
748 101
14 673
813 671
682 278
253 562
54 525
770 242
218 951
960 236
46 922
323 572
23 351
71 758
815 797
580 989
176 778
788 513
519 755
832 837
404 427
428 112
410 487
620 988
324 33
788 752
382 507
275 543
889 901
361 60
713 343
662 264
498 383
387 890
372 420
711 937
582 563
354 647
237 546
988 894
831 363
398 201
612 562
18 406
786 659
513 73
72 263
916 114
185 232
930 997
856 883
102 679
682 979
313 140
501 767
393 36
357 379
772 736
595 659
983 264
307 987
859 262
697 103
402 785
759 481
264 934
891 169
637 808
277 928
960 622
706 30
346 484
285 897
490 917
861 674
529 253
978 894
528 945
467 511
782 74
201 559
164 421
554 237
333 774
672 112
595 123
17 77
554 892
724 332
1000 940
505 18
343 886
40 137
168 94
576 843
540 302
67 848
247 742
567 519
788 848
74 104
58 629
152 574
321 529
162 535
330 321
81 717
101 514
415 72
668 395
880 959
794 67
317 694
836 986
379 785
770 504
63 555
449 835
582 381
456 149
58 425
335 903
48 79
211 653
641 687
625 943
295 277
940 78
906 970
543 499
980 703
506 886
196 238
641 111
772 791
367 135
45 511
754 988
825 875
811 278
147 339
441 687
308 503
530 752
432 603
625 659
473 257
988 608
721 91
722 436
462 587
982 130
158 320
107 311
962 27
453 908
555 220
904 340
284 494
694 673
146 395
686 698
699 733
302 766
964 687
255 570
436 320
802 763
702 127
602 435
855 583
624 679
587 301
826 699
776 76
960 761
759 235
374 15
946 388
294 844
598 286
766 876
17 41
273 199
921 627
210 538
14 750
718 834
406 84
556 572
110 613
377 228
88 369
715 901
236 345
886 295
580 758
32 648
953 796
230 787
790 185
991 616
200 7
780 71
473 239
802 523
164 842
456 467
578 97
357 797
638 358
415 189
185 612
77 398
336 520
300 115
31 493
570 369
510 324
756 100
388 734
461 896
79 497
409 797
58 60
612 635
370 378
92 781
245 906
428 350
530 818
893 14
395 367
351 209
936 665
958 986
155 795
318 373
121 773
162 193
205 157
856 811
29 111
370 252
553 781
328 568
664 434
298 912
190 130
172 633
949 95
6 212
830 93
673 390
269 499
161 746
131 494
320 309
528 874
564 88
32 121
394 880
435 100
614 994
851 508
340 175
531 254
456 932
865 600
166 295
396 227
801 516
697 553
218 702
992 581
666 650
957 409
45 703
749 727
294 586
444 163
67 808
156 623
144 47
148 832
600 168
763 564
542 181
895 467
110 889
827 851
300 817
859 546
827 192
184 958
538 21
387 611
119 874
55 755
67 727
548 110
571 199
281 688
370 444
991 866
266 195
429 373
987 311
271 630
721 743
745 233
708 507
160 689
825 705
765 490
538 713
99 565
336 417
134 244
33 391
324 642
91 137
594 288
318 1000
650 30
513 782
53 836
57 122
593 88
168 130
838 901
837 861
601 755
960 916
333 686
85 450
372 948
216 388
74 558
165 373
332 490
960 515
928 314
564 141
653 115
369 508
679 332
721 478
308 167
423 530
726 937
817 963
397 435
715 184
109 873
754 414
882 683
136 419
725 111
164 273
38 318
810 303
521 274
23 462
529 461
841 499
49 672
911 604
933 436
369 695
210 885
619 141
1 489
253 561
224 313
81 736
278 986
432 278
36 152
366 643
521 344
478 525
819 723
605 62
721 545
893 503
263 48
245 376
175 676
200 16
275 542
921 16
746 7
379 594
951 417
400 609
141 822
418 157
147 457
936 706
6 124
972 683
21 337
100 510
962 145
935 141
108 929
660 120
750 46
305 560
636 399
263 517
711 607
307 941
125 910
933 673
38 783
385 671
795 640
11 564
797 82
12 922
173 124
811 410
212 613
74 203
910 482
269 426
734 550
337 453
448 307
288 68
643 626
424 703
278 442
425 918
152 890
916 772
922 761
753 420
799 669
344 145
951 630
296 20
596 135
120 696
211 227
610 215
913 923
952 575
862 454
573 534
443 948
226 316
601 344
533 515
358 395
292 183
633 111
904 561
447 533
951 389
448 383
429 791
278 849
612 167
898 162
438 107
600 446
180 982
660 472
219 888
954 253
811 540
81 895
903 196
581 966
656 271
140 688
680 389
594 55
390 40
232 268
216 913
368 892
989 566
920 35
884 284
79 600
836 415
398 838
124 409
350 719
518 918
742 801
742 6
983 457
471 277
347 363
464 461
356 203
316 104
401 444
982 367
238 192
498 804
741 248
584 778
483 200
601 941
433 995
697 386
679 54
863 277
129 766
264 67
178 569
231 456
91 524
527 115
605 731
71 87
806 14
834 223
672 46
781 452
948 331
108 472
623 640
312 685
810 340
1000 634
421 326
407 919
174 902
278 283
93 334
830 589
335 433
467 105
909 66
771 97
499 696
960 166
870 921
391 272
340 328
13 286
820 462
715 652
790 190
652 187
179 635
702 358
185 762
476 15
439 587
729 649
127 742
103 812
673 654
874 25
774 396
902 337
267 202
732 30
915 550
78 184
229 52
752 992
788 399
58 172
756 315
812 501
584 108
95 620
993 712
567 560
711 662
458 603
129 681
960 905
560 835
299 377
561 622
138 905
692 496
450 999
927 651
865 780
226 862
616 74
100 891
962 74
527 38
711 325
398 238
316 354
682 93
355 143
636 772
696 209
166 213
830 188
854 306
763 139
430 302
683 970
903 789
912 239
743 602
523 869
17 20
58 968
644 951
338 456
526 439
675 603
876 72
520 844
773 614
64 88
749 615
914 572
40 465
116 356
799 375
266 543
532 962
720 990
292 207
390 692
865 228
106 225
344 534
665 705
185 534
7 437
102 125
995 287
497 215
789 429
2 855
167 563
258 717
281 148
500 9
128 225
36 426
457 635
721 742
10 205
525 538
584 170
147 428
720 538
189 825
116 847
851 404
693 505
677 964
219 78
702 617
115 401
422 57
928 550
534 522
958 838
656 900
949 1
454 737
860 636
733 746
976 432
617 337
695 594
811 433
425 270
83 806
941 814
375 22
895 719
852 341
299 754
726 63
139 162
322 305
867 710
848 841
995 10
681 704
855 526
334 887
47 86
505 139
288 367
496 450
867 213
173 604
265 913
531 394
786 138
944 965
810 961
328 14
126 471
329 183
737 786
476 290
494 943
709 348
444 711
16 455
605 283
951 307
883 617
735 648
884 726
940 544
982 42
1000 325
296 556
547 414
692 733
287 155
839 606
932 76
76 990
130 194
871 73
135 13
853 162
25 89
44 275
693 513
309 719
837 474
537 438
444 644
29 530
638 14
713 341
860 28
119 623
689 428
565 625
231 605
141 821
237 544
254 902
771 642
349 946
113 468
872 705
944 254
102 714
125 92
589 220
863 909
116 978
708 254
376 639
216 724
858 271
784 545
623 13
392 287
891 333
214 210
380 206
958 205
427 263
891 314
198 710
238 839
994 545
137 190
434 488
52 15
293 291
259 751
227 35
464 671
122 855
817 925
433 672
735 155
424 317
333 800
563 165
246 508
943 462
394 777
288 284
677 286
995 240
626 374
19 412
648 108
888 881
669 682
763 179
857 954
196 956
92 897
112 79
830 967
870 656
943 44
253 754
681 117
387 510
468 243
491 178
329 83
862 455
153 861
351 582
675 736
109 656
865 210
261 975
675 369
253 837
535 197
225 236
542 739
476 441
407 566
318 369
729 684
839 723
127 717
154 851
841 955
882 347
758 592
392 767
599 724
33 755
859 779
586 961
842 599
236 842
720 595
962 560
889 528
618 446
927 850
654 958
803 320
716 999
807 440
686 527
284 603
851 100
640 163
548 532
21 372
573 935
318 302
211 858
621 559
345 460
459 372
371 608
216 607
665 717
556 813
886 556
423 870
675 669
379 42
499 761
949 490
697 385
126 960
187 844
702 125
523 666
374 146
191 504
985 47
74 758
915 276
331 237
922 568
557 951
373 858
767 416
255 282
311 532
536 590
189 120
173 531
853 465
735 925
147 604
282 91
860 773
669 575
486 693
349 227
503 894
553 175
875 44
477 95
889 7
965 954
468 390
864 323
519 535
353 962
689 808
961 515
637 594
620 768
552 480
435 740
185 656
757 425
741 532
118 637
908 413
33 957
839 695
73 428
560 938
903 154
708 370
193 987
893 810
417 335
181 414
1 8
702 784
44 106
707 954
543 64
786 823
698 155
263 281
676 758
591 453
138 197
124 446
656 921
80 75
890 724
346 898
129 680
406 1000
71 113
123 92
329 717
511 733
293 362
384 538
773 16
170 487
564 171
285 982
274 73
422 209
482 420
952 188
401 74
243 644
790 774
350 119
292 917
728 291
122 254
675 892
621 232
880 430
448 300
934 207
226 16
814 401
909 387
892 605
770 466
37 216
576 774
403 994
622 896
849 979
978 761
1000 885
589 913
199 581
112 373
3 230
277 267
315 200
671 703
340 365
814 795
932 41
489 254
931 915
895 418
667 957
83 178
871 181
233 225
654 677
55 424
465 406
633 588
727 474
805 744
189 967
206 95
667 731
543 36
836 50
675 244
604 54
401 831
113 629
590 961
224 714
178 873
332 800
371 826
100 452
138 249
293 109
732 257
181 5
898 687
556 983
538 770
280 362
542 6
543 747
822 878
730 577
803 630
418 456
592 771
422 384
599 192
527 359
765 312
603 133
808 827
132 253
540 658
669 50
526 933
98 176
35 970
342 218
649 800
181 840
790 878
4 951
332 484
855 920
269 358
715 186
952 856
401 54
661 816
683 920
354 14
265 519
839 21
516 72
900 431
173 603
445 278
697 629
241 450
472 736
670 832
732 637
913 957
342 753
64 820
679 658
739 383
154 43
466 632
306 350
221 17
757 79
351 754
444 304
361 374
572 575
415 81
921 587
404 934
225 199
671 800
176 371
358 101
529 783
720 842
516 531
303 201
336 579
121 391
987 484
881 857
789 166
918 778
298 831
300 53
357 164
339 425
68 41
971 936
733 777
315 656
819 864
569 629
822 65
254 903
299 396
578 314
63 871
409 580
428 288
414 215
732 374
399 161
368 929
419 575
650 417
335 419
483 496
691 823
788 55
972 820
320 691
513 872
256 511
167 235
351 350
119 210
787 486
203 223
282 738
648 289
998 834
527 488
160 10
142 910
644 308
682 948
42 422
781 589
783 131
263 971
161 513
400 455
143 791
751 620
848 965
758 344
389 2
800 184
433 385
625 181
790 455
94 48
614 827
61 153
745 952
553 33
973 964
633 787
127 25
218 999
760 394
552 118
736 499
311 247
349 416
6 643
154 190
940 660
723 92
945 234
181 971
902 832
855 837
653 394
819 606
497 636
43 424
101 370
233 74
196 90
309 357
715 814
8 976
979 661
649 313
56 572
57 357
258 980
712 135
491 975
513 938
452 386
710 1000
439 644
354 656
489 244
873 148
926 174
270 402
139 297
631 501
542 94
891 360
195 305
310 506
556 814
26 801
941 996
449 430
359 871
308 487
437 645
556 701
812 599
957 209
123 626
378 367
731 673
329 673
455 33
576 750
369 160
636 226
570 720
203 473
981 997
490 368
636 849
801 396
855 561
515 682
678 74
994 407
908 971
586 829
866 93
380 492
351 903
118 950
464 809
875 265
145 386
511 205
629 298
520 850
867 381
357 727
799 512
72 601
642 349
92 644
866 959
84 992
729 493
550 717
845 723
465 655
727 723
639 39
789 508
700 169
723 120
671 100
391 48
598 840
91 701
594 247
569 979
950 208
292 538
132 823
24 328
851 269
727 422
694 213
915 552
493 492
59 878
25 818
250 851
627 99
663 987
335 698
764 792
910 924
587 817
882 367
332 140
685 656
134 158
7 932
839 82
566 189
590 311
781 802
203 790
369 98
612 442
748 554
968 634
805 887
812 112
105 713
587 381
242 466
669 847
339 532
240 255
958 375
368 147
886 245
898 620
597 14
429 908
212 492
911 724
628 948
535 328
300 639
338 454
876 74
758 162
26 155
685 371
467 7
231 230
35 331
277 534
884 354
266 541
954 494
457 142
745 547
756 733
475 318
242 543
477 324
172 502
245 728
858 757
694 407
733 552
314 99
337 322
634 552
603 683
949 587
823 934
263 404
962 710
963 291
450 402
297 374
91 492
286 673
45 435
51 778
215 7
343 50
807 323
128 888
919 901
595 925
30 424
134 405
844 741
513 914
343 163
390 942
601 713
382 340
587 938
53 122
915 147
169 597
663 855
951 748
583 574
800 416
693 10
569 20
933 539
612 94
373 590
979 312
816 587
66 102
980 787
277 904
665 681
665 922
904 254
743 773
669 930
28 46
485 705
731 745
933 893
806 197
256 673
296 398
852 899
445 51
800 46
144 578
786 17
492 114
636 429
208 569
296 978
619 537
66 955
583 898
621 203
754 492
408 870
870 746
919 850
888 565
923 246
62 518
117 814
586 388
568 647
454 476
620 240
222 840
961 936
871 357
304 501
986 80
823 454
491 857
553 230
19 830
957 668
409 158
908 64
361 373
396 428
383 300
3 338
67 551
87 278
871 490
872 918
230 32
893 864
200 19
951 64
420 699
644 621
569 523
785 710
720 617
722 27
158 63
324 451
310 874
150 707
516 637
851 434
724 684
727 223
765 8
791 674
916 126
969 9
48 558
102 603
530 648
233 792
640 72
132 444
858 188
403 387
920 791
694 729
107 279
826 577
668 316
284 53
692 426
714 686
330 727
916 690
955 924
463 593
89 4
108 352
678 988
781 477
658 40
108 503
735 42
504 676
593 517
766 884
207 681
731 915
598 353
925 975
689 240
822 853
883 809
792 956
971 129
553 177
258 79
386 56
852 91
657 403
72 909
533 512
278 997
302 632
652 146
590 578
240 594
149 888
745 507
875 872
768 558
749 847
399 704
989 224
617 689
724 883
603 610
604 473
751 410
239 374
332 564
703 519
798 297
569 551
667 642
483 561
820 656
939 473
682 657
831 304
339 629
104 841
877 562
345 417
811 607
648 656
646 911
977 100
747 894
26 178
198 249
534 560
299 385
427 212
856 962
983 443
986 77
401 433
772 704
374 115
646 169
326 413
869 304
502 827
782 409
336 338
827 664
167 287
333 627
227 240
792 476
977 544
27 313
688 733
448 274
948 167
941 292
916 965
483 306
61 986
333 853
430 273
748 884
415 754
752 383
454 235
631 937
613 622
374 434
587 15
203 262
545 631
947 135
491 3
827 621
645 564
410 103
250 358
567 615
624 103
3 140
379 979
849 663
887 903
656 49
213 692
593 231
127 786
19 999
500 896
126 94
509 78
153 458
525 354
927 18
694 315
141 665
58 73
335 509
279 783
599 762
855 364
656 366
819 810
287 768
682 738
664 873
936 526
423 448
318 750
891 677
180 715
46 968
30 77
552 973
916 54
97 133
189 756
180 489
933 661
21 519
886 671
854 377
512 250
472 935
303 811
389 244
450 994
431 558
826 633
700 418
782 228
584 555
750 152
294 898
621 85
805 286
113 326
27 178
657 799
855 724
179 111
986 613
861 535
753 950
41 114
577 64
960 328
192 994
967 399
480 220
524 728
84 39
514 314
404 686
780 257
529 7
89 568
74 172
426 949
631 576
712 550
84 276
137 56
239 603
918 2
315 59
903 474
135 876
16 252
664 568
422 792
115 854
645 859
38 855
209 315
419 920
332 749
704 440
634 553
760 289
233 112
801 36
915 726
556 284
677 62
87 555
12 901
452 293
794 712
851 409
690 553
341 619
531 535
253 335
401 718
683 304
42 712
684 15
333 503
426 299
542 245
564 597
266 432
677 850
713 617
56 868
191 346
716 271
533 335
313 228
565 73
273 694
731 984
596 836
123 122
878 510
130 968
493 932
422 96
117 584
464 694
653 540
726 50
393 382
579 862
752 473
164 575
46 283
299 516
619 651
437 926
645 217
278 402
943 420
47 83
568 426
400 364
273 242
936 334
937 27
848 618
351 841
155 242
697 271
191 784
123 678
70 995
184 546
314 593
352 644
335 453
691 85
572 208
196 684
698 682
297 551
780 436
509 276
92 508
864 269
187 16
336 950
541 973
874 186
582 251
965 1
35 68
842 348
292 893
633 177
926 756
548 142
472 113
375 661
520 679
372 306
833 359
586 936
232 276
431 796
256 36
720 505
445 688
997 995
104 878
30 181
575 379
772 975
424 853
261 334
817 470
105 324
20 155
890 667
194 146
361 863
672 689
953 103
826 479
242 166
460 113
811 995
12 918
381 721
899 738
518 392
612 115
649 463
482 264
1000 469
476 855
796 409
134 528
356 384
29 486
580 227
971 165
511 868
537 75
653 657
963 521
827 929
401 16
740 765
374 734
796 235
250 97
844 659
937 119
923 36
852 134
529 429
658 203
587 243
201 780
120 768
554 776
631 746
249 24
713 489
705 285
944 627
819 277
508 658
808 2
420 456
379 444
67 629
620 799
721 918
386 347
349 973
563 649
547 268
140 846
823 203
609 91
840 509
186 252
442 98
599 608
948 608
426 574
712 939
253 21
198 646
745 165
980 708
851 538
642 989
111 24
332 795
149 315
759 924
560 126
306 998
695 320
128 458
592 687
579 443
104 985
285 60
379 193
345 465
272 937
816 822
290 310
927 514
116 449
223 353
834 795
934 973
657 647
68 594
540 724
651 597
981 966
970 75
677 477
894 813
126 854
859 177
80 430
743 733
571 395
610 882
848 931
725 35
156 264
814 491
762 24
526 479
941 822
531 455
72 603
865 130
296 899
662 634
359 152
633 89
864 326
942 105
176 888
983 583
608 859
291 25
755 540
27 563
533 773
662 235
480 445
483 846
779 397
121 445
999 302
31 488
77 282
156 191
787 480
319 301
525 754
584 178
656 367
950 65
188 323
483 556
444 830
488 385
86 667
286 73
396 953
894 963
632 269
465 218
394 342
569 284
785 943
423 33
405 566
427 162
670 98
998 607
180 490
74 853
971 545
55 954
42 503
940 476
869 450
800 695
802 285
930 326
15 472
830 503
407 386
378 286
179 291
17 716
414 606
697 418
490 173
581 117
375 447
639 722
570 515
40 522
459 960
596 519
579 979
799 930
411 101
660 624
810 165
922 539
578 137
91 730
909 303
359 760
711 103
967 505
37 116
863 184
60 315
260 789
465 813
482 133
653 810
636 998
852 190
752 122
843 277
574 391
297 441
870 558
304 459
790 239
260 730
11 724
598 648
747 78
563 519
838 155
474 934
515 68
275 811
936 175
993 66
900 522
560 619
344 421
968 256
258 342
813 488
432 77
126 123
145 866
93 786
477 499
25 242
614 156
561 480
279 701
653 464
738 728
745 710
55 331
257 304
6 149
372 509
564 679
883 201
251 740
380 960
591 184
823 838
55 760
599 124
46 738
673 889
68 869
345 408
197 647
722 975
59 618
940 305
869 405
607 888
307 596
90 76
751 913
648 568
223 296
7 539
321 304
297 95
394 428
668 474
688 440
542 295
946 660
892 184
195 664
288 22
401 265
647 600
356 766
963 134
252 718
470 381
53 395
792 533
42 156
908 687
764 337
236 218
368 34
596 394
856 503
8 998
89 456
622 738
503 596
481 374
372 497
361 968
681 783
514 564
169 405
770 995
78 249
503 690
224 335
296 972
95 452
140 69
783 669
218 945
516 504
790 139
135 962
999 3
486 82
211 409
434 584
918 158
336 582
149 375
101 458
447 722
709 11
876 620
30 65
721 693
430 599
287 842
242 739
471 963
375 541
671 208
841 765
220 750
223 729
958 516
195 56
859 961
219 430
458 810
310 795
773 401
722 315
356 77
127 116
302 10
693 330
397 957
842 864
536 11
21 717
523 263
561 968
691 937
447 231
105 468
843 546
446 145
976 65
260 282
155 740
462 992
265 100
602 135
747 946
829 921
18 340
56 95
501 539
925 393
359 973
338 333
915 399
826 624
459 59
811 302
80 308
687 755
544 355
878 266
641 986
996 787
605 695
252 577
921 744
502 153
819 201
910 176
179 166
17 71
221 319
459 758
170 623
14 276
640 835
663 185
687 55
525 184
139 581
417 891
184 686
434 778
292 188
98 767
406 172
562 14
157 746
628 307
689 145
905 940
672 929
110 677
242 549
23 514
101 494
271 516
475 233
349 752
558 508
241 125
360 311
529 522
491 643
239 225
370 336
667 644
390 45
943 915
671 180
717 310
612 732
452 203
262 477
595 998
869 203
137 258
444 906
731 230
252 294
557 610
950 388
419 732
756 339
134 617
155 930
229 253
581 616
199 469
113 796
134 320
549 589
256 478
78 541
901 101
464 337
691 562
569 82
164 658
630 549
118 457
526 864
213 427
588 233
825 297
476 819
167 494
207 653
65 108
178 901
804 977
821 861
592 379
848 789
892 454
817 27
735 8
95 233
740 658
759 150
382 169
302 333
892 565
596 725
145 502
74 468
862 133
887 754
412 516
952 625
538 502
80 860
317 897
672 368
197 443
415 500
71 406
679 705
830 705
762 251
410 148
656 164
123 847
384 487
221 86
59 167
10 609
905 895
121 354
110 527
26 573
110 726
511 445
168 493
442 148
408 284
315 144
118 625
417 466
3 573
813 20
578 805
983 932
380 735
631 45
328 98
770 329
438 4
137 604
285 332
451 124
114 741
959 284
243 81
582 637
972 665
440 378
77 123
155 785
325 251
306 130
920 331
347 221
884 492
557 322
595 627
958 647
734 822
716 741
953 45
972 895
648 541
226 633
801 97
566 291
511 584
117 961
744 117
82 900
507 241
90 395
825 212
557 757
482 305
320 412
318 187
670 428
945 93
431 504
895 679
968 716
791 616
424 362
743 883
820 456
106 731
660 625
458 137
759 343
388 348
65 505
249 260
47 185
267 901
808 415
183 521
700 661
806 23
114 614
135 682
286 786
269 32
753 773
681 32
233 948
387 429
705 186
658 784
731 842
537 609
50 32
508 868
515 54
681 450
187 409
741 850
103 37
378 548
828 390
796 676
525 418
411 334
158 661
380 541
839 518
248 635
103 267
568 810
810 939
372 216
120 177
822 462
339 709
483 587
237 885
690 551
162 140
695 282
989 633
793 278
580 74
104 899
105 366
358 520
714 211
792 90
404 268
398 258
971 460
976 102
890 756
356 136
588 339
949 205
221 790
441 955
136 238
627 700
359 569
471 943
899 934
368 468
847 996
999 182
66 775
928 86
839 384
552 862
476 618
847 917
777 343
469 299
71 171
516 52
511 928
238 744
956 787
957 70
705 21
562 694
283 443
676 434
202 57
738 87
973 988
537 747
995 892
390 984
154 112
790 247
31 990
770 858
678 371
862 492
420 71
447 981
281 773
57 239
692 334
537 750
720 312
594 521
795 290
944 728
893 539
642 435
400 810
474 981
84 650
785 409
126 5
453 315
590 660
167 637
224 29
426 29
962 775
229 260
28 849
107 680
642 213
244 916
185 934
968 563
721 692
187 240
335 936
104 690
513 160
720 954
392 599
46 548
238 268
354 133
579 304
690 971
584 90
983 178
198 910
626 973
275 371
557 377
320 792
603 455
252 308
398 367
313 149
831 255
946 855
87 351
34 841
123 119
492 397
533 353
826 477
885 958
88 514
379 5
599 639
812 623
783 30
734 552
57 890
631 160
706 209
763 104
247 187
412 492
821 888
952 137
330 805
38 114
296 365
313 593
957 136
833 154
874 806
51 197
179 56
491 506
218 606
661 848
921 751
596 431
725 13
999 610
624 618
644 997
259 1
832 333
705 241
163 192
909 455
896 938
126 613
623 787
296 26
888 596
596 141
545 729
838 454
72 545
236 364
365 656
370 826
887 527
102 333
193 551
178 437
931 881
19 863
863 480
429 4
103 109
219 592
919 434
82 168
874 156
14 849
805 586
663 380
817 52
447 753
576 519
552 295
721 656
933 266
78 55
171 755
614 165
707 965
10 319
633 602
693 538
513 140
441 153
962 525
391 895
855 314
710 603
589 362
862 806
521 538
793 349
346 406
581 710
894 663
663 800
835 71
980 932
621 554
472 607
135 431
471 275
464 451
66 395
387 210
271 104
365 125
703 85
194 103
713 769
273 892
418 138
934 363
385 878
136 180
532 555
825 296
611 347
78 828
928 47
583 801
584 897
126 852
217 88
695 951
136 402
411 8
31 739
572 453
274 256
423 673
174 793
467 273
13 165
470 784
786 487
109 956
888 513
407 941
678 296
311 305
464 196
545 741
532 997
37 257
439 493
410 149
306 354
435 634
572 9
644 654
864 768
762 363
103 145
277 565
535 228
258 368
67 736
270 903
126 93
765 37
561 506
233 153
535 526
604 11
519 321
564 577
334 185
944 93
146 179
949 996
555 629
976 974
315 732
135 457
267 849
766 239
99 542
618 380
618 302
600 813
12 747
471 326
369 260
862 496
719 556
638 891
501 783
467 915
589 112
863 593
332 31
540 532
759 640
433 944
252 454
753 367
425 276
961 378
688 414
859 327
273 856
15 349
368 346
5 417
776 642
169 328
835 494
838 563
17 339
345 126
75 421
847 771
403 666
147 205
852 619
123 433
906 153
731 574
145 183
843 88
667 342
942 604
17 125
163 749
256 999
27 36
789 673
95 42
531 372
936 484
238 700
432 634
352 472
230 764
549 120
900 726
836 724
672 669
69 195
469 729
36 28
495 601
44 519
227 907
802 695
32 683
533 581
129 263
865 29
594 949
741 930
600 350
103 181
231 960
470 664
7 515
474 599
382 116
862 674
44 293
244 224
92 57
79 301
599 554
67 365
853 790
604 412
8 797
814 675
720 936
902 454
167 827
599 776
251 742
656 732
608 165
131 661
389 418
673 895
530 672
63 44
708 791
266 270
360 189
130 177
380 160
308 133
510 807
913 640
794 792
890 757
7 533
946 771
618 548
674 242
159 878
808 800
237 122
467 653
798 691
947 663
694 608
311 772
238 796
630 610
901 74
100 773
709 881
891 114
252 712
878 364
648 231
5 278
969 776
618 873
602 370
394 799
770 646
297 104
761 467
818 698
411 240
1 132
753 855
662 523
956 812
459 716
299 807
411 353
213 821
783 505
734 393
438 602
892 891
169 311
463 189
168 16
567 571
75 909
903 533
682 72
92 328
109 678
170 826
358 143
874 29
508 760
73 13
145 616
704 249
408 294
49 20
90 712
55 26
494 527
116 100
499 404
300 163
619 391
894 15
716 795
18 27
400 713
720 734
297 855
85 836
466 838
355 199
163 890
487 569
538 786
333 182
300 449
327 39
488 161
511 813
371 876
323 241
17 846
548 510
896 289
392 438
194 894
985 537
697 141
381 396
369 585
935 447
556 944
596 901
420 777
102 558
930 285
808 909
717 195
669 96
633 562
164 888
492 285
886 629
647 553
468 726
450 809
215 619
588 199
679 152
682 140
224 809
87 557
571 924
496 6
174 659
359 685
964 849
35 715
342 965
259 499
905 389
108 2
705 27
905 534
688 994
174 877
70 962
520 187
657 6
804 371
734 244
607 270
373 132
232 808
487 444
205 587
245 378
176 863
654 580
226 244
58 351
165 537
439 174
614 376
966 135
451 356
179 661
633 338
172 442
376 229
598 912
286 182
327 862
884 69
480 259
272 639
587 29
336 322
172 216
931 285
21 269
78 214
724 716
712 140
472 689
950 410
954 841
167 932
149 425
190 287
7 959
927 638
18 404
309 179
458 735
25 586
313 176
880 35
262 779
122 544
673 144
475 708
753 461
557 638
446 455
543 575
858 15
588 148
479 5
635 211
377 711
857 333
344 312
986 875
469 705
256 766
847 814
294 922
388 491
942 982
596 909
138 766
161 695
1000 722
285 750
442 751
739 79
830 794
248 562
728 252
602 733
153 993
246 252
468 174
586 329
918 419
373 247
249 57
212 171
19 781
611 871
272 831
101 733
11 685
504 233
268 212
715 645
940 509
840 466
900 668
366 578
196 719
59 22
387 527
154 782
84 707
487 646
421 575
392 818
965 343
79 505
410 598
984 879
436 714
60 467
669 484
45 330
176 135
720 452
436 1000
15 65
336 76
466 707
831 882
858 193
569 402
109 313
347 820
773 376
467 771
158 420
578 371
669 40
88 763
643 661
346 831
106 57
63 739
661 602
342 803
815 352
502 37
36 601
952 834
978 830
57 897
818 663
731 942
57 659
331 284
648 42
598 306
74 502
972 483
579 643
1 561
53 872
681 439
221 406
370 399
135 586
136 636
176 569
420 444
957 371
596 53
280 344
72 969
442 839
608 651
330 385
224 132
560 622
334 329
49 495
512 961
560 888
54 856
991 965
799 150
16 783
72 29
757 312
92 814
888 73
891 992
690 707
374 888
759 803
245 965
376 908
345 862
956 647
992 342
884 300
595 819
444 989
48 414
381 374
60 961
224 703
197 715
778 64
938 394
924 937
927 566
87 181
949 10
143 199
626 137
435 983
437 294
886 767
209 335
66 496
747 971
807 45
795 557
67 489
380 391
308 420
592 39
616 173
869 709
709 880
213 97
751 737
97 520
1 893
670 655
263 989
237 300
921 785
481 282
819 238
627 843
843 212
596 260
101 930
193 319
35 524
236 507
93 286
884 575
260 923
559 97
218 781
58 614
804 431
195 77
5 532
996 951
170 827
562 105
137 286
303 517
25 433
957 520
158 759
750 877
931 949
897 869
699 433
115 822
376 202
370 472
261 519
751 498
594 75
69 332
885 632
584 205
413 253
272 675
133 750
651 97
963 147
410 817
198 908
955 471
775 192
997 112
413 31
786 539
324 750
473 300
825 967
879 124
336 20
962 376
708 884
399 204
855 29
707 436
86 78
817 692
648 934
167 374
317 325
462 790
857 368
820 108
623 907
365 185
94 393
575 474
722 890
911 964
625 77
769 811
535 568
424 292
597 239
781 472
85 59
527 148
624 771
91 710
166 276
394 899
895 863
472 479
75 842
147 585
521 276
338 504
272 992
30 269
24 791
581 477
931 738
98 267
170 908
444 355
448 850
747 122
456 344
163 477
606 947
974 951
760 511
784 31
32 724
574 846
311 98
933 623
391 202
763 869
68 341
508 396
208 963
880 519
974 849
600 390
909 538
182 100
220 431
461 915
558 259
596 956
56 82
841 781
880 741
149 214
957 895
450 471
327 639
510 563
665 360
3 881
172 872
998 292
748 546
733 521
147 346
485 580
831 140
119 366
29 898
836 278
621 552
659 503
623 46
96 545
411 816
697 420
802 501
916 381
20 298
744 28
162 748
848 234
740 40
657 532
360 916
713 912
323 665
866 386
65 97
415 807
873 730
491 331
724 854
619 599
196 812
145 90
424 367
917 780
844 348
187 547
170 703
526 48
766 917
160 377
623 704
754 561
293 179
279 96
887 719
982 545
162 878
93 326
719 438
554 118
892 790
931 670
788 893
236 338
383 397
738 140
649 645
799 415
965 931
951 368
2 41
116 447
145 567
645 866
742 302
724 813
508 400
608 974
201 360
537 454
68 216
381 15
408 745
609 468
543 119
188 721
708 392
292 663
777 283
649 407
923 799
949 940
140 547
870 40
97 594
589 268
916 76
862 768
833 762
927 972
416 486
896 48
716 657
110 128
238 437
223 419
11 122
263 564
102 612
181 91
952 235
935 70
80 66
982 167
40 720
717 138
886 515
184 505
248 915
691 203
911 30
843 892
830 74
247 204
698 178
14 151
364 936
292 317
441 593
252 533
866 134
554 27
403 525
652 700
691 350
722 860
198 178
36 681
199 911
368 137
79 725
652 531
737 435
966 183
364 221
862 100
331 492
157 287
691 124
729 305
857 868
525 372
663 226
421 755
904 659
652 554
857 661
931 698
993 469
540 414
652 192
637 90
845 753
681 336
519 624
580 610
68 286
895 427
129 438
591 98
817 414
259 93
724 833
11 950
107 705
366 974
718 799
667 547
55 735
528 235
638 26
92 170
974 56
996 464
964 118
512 671
859 840
876 810
661 50
521 711
355 673
137 718
154 692
676 490
918 262
966 831
949 148
203 637
275 344
204 274
702 529
858 307
593 198
578 690
545 315
67 171
655 810
747 829
342 499
364 607
882 28
591 708
479 190
708 192
579 4
66 497
557 431
768 373
143 119
40 716
954 608
545 5
764 399
539 895
787 64
972 124
666 819
481 575
401 540
781 81
901 217
155 427
118 894
133 175
648 120
99 214
136 428
695 545
565 413
17 95
771 370
184 440
961 128
636 518
88 20
842 556
382 986
644 915
59 405
611 192
509 435
465 926
282 252
174 966
286 668
532 808
239 676
24 939
996 96
23 167
122 366
912 234
137 13
734 169
93 63
847 458
652 228
748 381
509 303
71 744
954 396
371 306
889 177
409 109
231 998
849 611
489 108
474 728
202 587
976 618
884 99
392 715
390 426
690 740
987 362
42 631
165 991
184 197
140 532
380 881
147 464
699 783
632 218
987 661
100 272
427 960
745 93
980 796
768 900
287 596
471 411
788 79
629 19
613 222
371 799
820 984
858 279
507 495
734 866
950 303
128 402
368 567
473 348
755 306
613 944
321 272
461 860
420 716
223 153
462 791
892 216
346 756
437 731
956 637
635 166
139 957
731 715
164 600
882 885
442 870
728 371
895 969
777 368
268 381
995 220
787 939
148 923
38 339
795 116
796 811
416 551
753 706
420 23
600 438
689 602
429 863
305 849
657 4
396 104
490 351
867 822
595 336
904 683
106 783
434 774
880 858
330 375
59 159
61 485
979 94
671 892
53 494
106 158
645 781
831 890
580 442
852 327
374 903
177 121
487 227
969 229
663 377
318 922
559 696
776 87
980 483
603 632
489 72
567 221
237 730
861 288
903 63
263 156
159 351
586 969
286 442
326 708
111 950
633 941
721 806
63 819
565 605
208 270
428 259
103 643
723 656
219 319
347 354
773 258
499 218
129 137
526 586
322 60
711 570
90 984
256 466
829 555
828 525
927 670
274 202
169 800
132 188
407 490
530 16
950 996
503 157
855 1000
455 30
652 778
925 282
543 863
303 154
621 107
442 890
451 1000
539 550
53 624
812 771
264 313
840 792
749 344
288 542
279 921
164 161
990 237
974 758
616 674
945 476
799 521
322 821
679 851
793 672
97 243
500 232
33 875
395 844
982 768
288 764
453 222
111 534
300 839
121 864
322 983
797 794
710 777
750 810
396 705
605 125
571 181
576 365
337 351
210 231
124 609
80 668
93 698
168 527
337 232
390 114
987 974
251 622
604 42
663 611
354 877
780 561
587 857
450 140
202 869
439 624
703 775
561 810
120 486
911 458
695 419
789 810
593 217
918 646
940 330
636 345
780 739
655 977
488 409
293 560
241 199
459 264
189 639
527 267
621 668
95 586
806 502
518 442
469 64
915 90
238 775
541 948
638 691
925 333
13 915
70 588
967 214
324 852
454 815
756 887
65 76
527 94
341 503
187 977
832 490
965 578
17 114
491 455
169 79
905 451
864 777
418 449
667 73
761 278
583 278
338 449
100 672
193 450
430 17
199 684
457 85
865 304
222 977
633 972
465 962
1000 893
783 644
522 987
353 117
744 199
785 288
455 868
258 416
847 102
589 747
689 221
762 509
340 587
987 400
624 502
157 745
408 235
335 976
665 5
632 80
229 462
15 583
347 31
718 2
194 998
893 277
802 233
767 723
973 80
793 282
838 197
798 5
822 159
21 692
777 782
933 969
690 773
626 135
453 953
518 23
260 291
99 285
742 625
341 824
15 59
274 131
869 370
122 969
394 568
215 576
386 632
773 124
731 343
446 767
284 206
217 149
964 653
316 223
99 217
136 429
503 619
914 228
516 48
60 212
211 382
10 993
144 871
424 247
925 917
782 774
179 879
311 378
810 567
279 280
27 803
838 105
426 630
329 15
222 962
558 152
886 357
923 493
852 445
671 667
747 33
70 278
534 129
37 599
19 948
97 404
561 293
193 889
913 608
515 308
119 738
11 981
15 901
841 902
822 504
560 874
958 711
582 415
822 430
257 486
876 783
257 279
423 390
329 498
848 339
955 489
495 272
333 405
673 792
546 6
472 583
181 97
826 374
646 53
424 474
529 342
705 127
938 255
521 301
960 859
865 571
461 386
742 541
662 92
380 310
374 66
160 2
682 139
425 226
423 603
799 976
692 32
251 176
443 514
207 549
684 939
547 755
53 539
690 386
100 538
196 857
855 666
415 761
210 259
402 500
848 588
1000 919
362 496
588 646
386 896
338 531
182 574
757 878
365 652
567 905
537 718
193 954
188 890
761 40
230 485
638 486
898 9
176 361
917 396
280 895
229 292
266 830
965 368
641 346
498 263
104 658
926 357
629 283
405 826
444 784
530 965
659 539
402 592
789 932
618 368
114 819
584 122
267 902
513 930
39 154
116 575
82 635
302 952
967 615
768 16
402 882
129 554
223 478
886 650
741 157
356 253
13 652
23 138
454 550
86 863
920 890
873 958
485 544
173 983
246 311
266 275
126 969
237 464
807 836
124 35
450 699
880 300
442 417
499 838
260 168
924 87
910 230
574 179
957 25
335 357
852 817
680 866
713 749
259 97
903 696
939 643
66 621
175 189
287 407
588 682
614 686
213 574
266 670
250 353
362 152
126 276
619 298
679 850
956 53
371 463
687 327
339 45
488 657
710 108
141 351
334 313
7 514
554 372
607 508
221 81
520 952
941 184
905 866
249 792
858 886
162 673
327 522
20 711
644 537
427 591
690 331
54 994
880 549
148 355
774 491
22 268
409 889
429 262
362 827
237 701
58 80
152 149
132 271
270 677
509 937
778 216
872 755
444 820
428 337
548 418
552 549
437 45
560 16
262 153
427 11
48 324
327 449
917 372
427 152
376 704
565 850
164 989
132 371
318 66
503 66
431 673
512 241
553 907
562 843
212 560
378 280
216 435
930 435
787 38
860 688
403 305
756 961
668 355
137 253
284 116
511 853
921 905
518 741
655 7
575 284
174 607
673 268
126 884
695 919
386 695
410 398
118 200
122 7
929 619
288 349
787 885
202 191
833 274
277 719
79 727
528 515
108 69
159 915
80 686
134 911
728 74
191 842
875 237
396 162
573 126
666 256
353 27
796 899
925 801
54 573
112 366
465 594
890 200
415 100
664 906
685 262
558 236
542 657
83 204
840 497
179 673
254 39
510 141
180 508
91 281
121 596
211 368
966 640
536 989
491 544
105 837
3 685
79 478
988 878
512 718
812 60
559 849
565 660
150 686
121 814
674 44
842 886
293 578
366 8
994 817
920 916
884 461
798 917
820 885
143 192
570 860
608 391
367 934
632 525
725 560
119 193
964 564
807 46
302 946
146 454
539 549
901 182
764 504
412 389
697 305
860 779
810 240
868 424
208 674
28 85
291 701
74 311
882 734
757 530
60 358
24 34
777 346
501 212
598 226
655 281
89 466
416 686
151 511
779 801
961 134
31 564
468 114
89 323
40 153
622 667
231 173
303 800
554 942
828 65
523 95
619 204
265 889
213 531
16 49
879 886
201 123
734 175
612 707
931 220
153 248
589 829
847 69
867 667
962 913
465 719
196 329
966 349
441 422
776 681
102 741
450 447
129 1
37 648
672 889
358 380
54 69
663 565
888 215
774 108
671 222
208 179
107 973
897 181
650 562
495 418
464 190
120 432
160 583
916 6
993 669
8 539
7 855
860 462
