860
138 247
66 79
262 144
165 454
67 202
632 167
504 779
94 136
239 250
282 324
178 269
42 4
77 231
741 542
67 192
12 101
714 226
555 17
556 310
1 3
421 220
224 184
255 306
115 57
827 333
763 349
180 431
104 226
1 2
846 144
132 162
137 214
328 834
15 720
93 35
510 572
363 528
118 811
68 59
106 153
357 752
625 524
222 452
631 243
254 81
629 73
168 490
241 476
648 398
89 64
466 679
472 602
232 378
505 279
297 90
513 466
69 91
267 400
617 136
724 697
1 4
244 438
112 234
564 313
793 200
13 87
149 159
190 368
560 267
113 205
197 633
49 218
296 276
497 689
629 636
58 825
301 270
141 84
43 858
772 455
22 25
102 92
667 731
519 823
184 14
354 285
125 389
766 97
543 776
708 851
814 114
593 189
444 477
146 399
294 146
88 282
538 540
174 495
69 25
541 542
182 37
536 760
146 386
256 358
617 651
400 606
456 461
28 327
457 85
202 534
7 3
63 131
51 61
708 470
789 213
268 489
312 216
198 330
169 529
8 29
248 259
228 277
333 388
612 11
381 52
114 216
14 8
286 89
335 153
388 531
215 539
93 780
81 553
186 56
21 352
156 213
75 362
426 284
74 137
568 621
616 743
573 467
193 607
222 309
92 90
364 238
69 524
241 562
150 103
728 221
355 320
81 551
126 164
576 271
470 346
230 147
110 265
158 290
516 151
659 51
50 70
563 800
371 44
5 181
353 262
157 92
477 713
320 860
62 240
843 760
88 64
45 10
17 33
90 59
754 630
673 505
221 721
168 93
198 462
803 308
7 11
416 304
19 757
277 344
672 320
244 359
8 12
509 678
336 809
439 271
32 49
308 100
56 161
73 122
401 344
750 77
30 815
155 494
31 41
373 61
53 577
786 702
5 77
691 85
49 578
690 255
248 213
767 643
561 86
620 437
256 152
131 469
22 650
301 718
523 264
132 472
66 228
455 303
402 664
37 638
395 123
441 794
393 692
427 739
514 282
835 413
730 176
303 123
362 466
63 680
280 37
422 596
239 172
397 78
601 24
290 850
510 200
101 103
245 17
571 773
377 283
65 29
246 805
188 144
479 552
287 390
475 203
116 76
618 221
74 1
83 291
563 361
24 31
748 255
733 328
168 456
23 152
493 272
131 174
53 17
111 435
108 558
617 837
761 27
812 95
42 104
302 349
185 166
244 195
134 119
832 646
597 833
387 143
311 579
68 187
193 394
598 2
271 393
119 166
671 585
32 237
98 26
792 54
716 58
267 101
482 503
106 142
32 73
139 178
326 265
84 736
41 96
292 375
699 203
403 574
139 154
369 272
268 588
785 691
224 251
257 102
147 149
386 508
2 5
222 181
8 7
238 253
613 186
15 106
216 383
56 190
222 719
432 600
102 550
756 712
532 491
658 524
387 522
23 225
158 27
4 363
667 314
124 848
468 420
57 325
635 57
330 802
472 840
27 284
5 155
151 71
541 357
668 501
29 60
40 595
287 237
379 755
594 65
54 46
432 37
366 153
791 50
568 515
210 9
203 40
774 829
626 545
409 399
374 806
496 154
305 54
167 35
411 358
319 27
329 197
36 128
507 315
830 91
189 334
831 284
325 430
68 107
754 820
119 23
12 17
544 374
170 54
42 44
740 294
415 683
140 317
64 5
611 705
44 586
345 778
819 169
402 72
173 19
39 28
321 182
20 43
479 180
149 506
547 411
519 89
375 502
391 225
208 52
169 21
624 541
652 653
677 441
305 725
95 51
79 94
343 254
176 128
575 310
34 85
37 7
358 443
445 71
813 74
88 197
414 401
72 57
42 148
236 172
698 636
526 775
124 342
190 856
418 458
85 243
738 300
300 163
112 485
536 420
647 460
202 422
3 453
144 13
192 341
854 621
111 82
319 660
439 681
377 460
26 1
100 193
340 263
448 296
663 674
711 582
518 7
78 821
272 151
3 163
758 701
182 527
14 417
348 261
487 276
1 548
13 27
97 310
59 12
482 250
21 580
75 517
336 260
332 38
9 346
6 1
15 857
206 657
630 348
474 768
770 31
40 23
19 11
124 143
345 202
29 52
179 131
304 47
347 729
121 195
78 56
589 434
459 175
684 129
66 45
75 70
143 663
121 123
614 253
17 268
367 124
396 11
533 535
226 241
590 387
22 108
1 20
505 709
704 453
156 40
511 140
126 64
227 48
380 615
230 425
212 71
5 18
20 530
316 700
695 219
15 30
140 473
700 844
542 640
44 175
30 38
177 76
205 266
249 248
328 198
380 571
16 2
442 17
3 447
61 271
198 74
130 365
42 299
448 797
137 428
616 468
15 28
67 661
182 687
434 426
726 817
206 845
110 58
32 30
47 697
715 612
581 389
628 231
1 656
15 611
500 408
122 533
79 204
192 710
726 610
147 584
479 666
7 200
420 236
6 9
473 732
676 199
458 788
62 39
337 49
174 288
111 622
264 356
229 162
178 347
211 314
627 449
309 492
549 220
13 7
150 723
76 804
273 67
292 275
634 65
283 219
224 295
26 48
530 849
165 160
320 228
166 742
276 404
703 371
132 693
427 316
275 26
639 537
22 824
324 339
311 108
169 440
285 749
293 290
481 398
176 350
4 260
84 113
212 403
318 235
798 657
211 19
382 231
38 777
537 339
462 585
34 30
36 27
70 194
35 15
71 120
418 389
112 118
530 619
504 198
538 197
167 501
429 330
374 319
180 78
499 417
411 737
599 253
55 5
123 649
56 50
233 125
94 795
415 21
662 555
76 252
449 154
166 566
543 430
765 169
300 839
38 47
100 132
345 769
175 221
63 41
57 82
52 242
682 415
685 95
734 150
808 841
50 13
235 77
351 126
313 151
39 223
295 322
433 747
557 421
462 643
782 576
40 138
707 783
354 436
56 84
133 42
187 451
32 232
591 443
111 129
480 14
65 86
31 171
101 219
356 405
11 46
183 413
818 523
796 309
707 671
88 130
520 637
7 316
236 509
686 349
97 41
15 100
521 408
298 14
333 498
136 145
170 424
774 610
457 784
158 406
488 229
339 722
75 255
669 451
183 570
464 253
787 541
810 257
612 706
790 724
292 444
24 18
19 735
294 646
19 183
326 567
675 631
828 310
227 569
243 623
597 62
99 32
83 302
717 530
140 146
703 745
309 696
437 290
185 520
3 361
121 26
22 3
853 664
435 545
360 6
604 316
23 8
13 58
13 15
688 425
31 125
21 13
859 25
135 124
189 146
287 644
408 244
264 91
249 289
371 753
189 238
592 356
694 346
609 510
525 503
147 816
315 89
147 398
206 68
147 412
323 140
68 139
799 408
191 180
333 230
655 771
416 655
112 6
446 315
209 27
221 278
474 43
124 73
433 838
57 127
52 471
1 201
122 762
191 483
261 154
21 83
71 29
220 392
587 103
160 113
102 307
87 357
759 85
799 822
281 218
245 331
433 377
39 279
441 419
526 296
115 380
434 467
215 118
270 114
285 192
423 79
147 26
712 103
276 59
51 21
204 764
486 275
199 6
522 701
781 86
140 5
218 338
67 28
9 81
157 610
57 34
314 654
702 175
172 163
807 774
515 171
327 546
450 253
73 76
282 478
10 2
641 302
167 605
534 565
246 559
847 401
370 176
258 167
413 497
751 727
836 738
463 175
746 326
518 652
296 379
852 138
642 320
582 138
484 120
105 20
410 409
58 220
583 566
801 743
