964 996
421 489
327 398
230 554
794 763
250 20
245 288
629 539
956 28
661 445
535 899
321 936
665 334
742 568
362 890
869 673
907 313
417 482
693 564
846 618
257 598
307 870
74 881
523 396
317 511
469 29
111 449
294 557
122 483
262 512
696 490
658 832
961 827
697 754
252 343
634 636
939 387
857 109
887 878
829 548
579 536
628 503
4 73
631 74
857 869
915 462
795 80
529 277
876 433
43 763
734 478
734 71
961 866
793 477
168 961
49 51
643 876
917 832
25 925
510 931
639 691
350 489
939 757
949 34
464 860
475 240
507 583
307 835
809 5
84 306
380 103
22 746
60 537
814 176
190 821
541 468
112 706
619 855
849 675
721 17
147 936
325 671
681 686
689 306
519 71
902 706
392 701
441 172
106 832
624 269
143 730
518 645
68 700
687 921
386 511
57 69
817 736
185 414
526 760
789 72
479 305
934 207
460 580
358 215
289 468
919 250
898 322
363 148
254 860
750 40
71 354
408 414
899 322
825 350
786 121
163 301
308 770
220 956
108 851
957 213
845 262
308 935
530 918
207 328
192 63
326 758
836 821
215 79
57 342
25 873
954 280
804 391
656 240
349 338
798 213
49 526
464 214
483 626
458 731
364 579
893 760
615 113
807 898
42 866
223 613
204 846
732 882
68 879
777 515
869 312
782 646
735 891
593 56
36 796
417 472
570 211
149 333
279 100
505 131
917 58
323 214
307 765
510 515
560 286
814 620
574 86
197 25
482 47
658 501
878 247
504 635
446 390
493 758
819 31
606 897
62 738
860 299
962 949
587 277
220 515
938 943
936 382
754 502
76 464
889 245
871 61
264 111
362 31
415 43
957 701
663 273
481 525
345 280
247 553
541 560
768 421
485 552
269 830
626 712
101 412
535 632
759 694
401 804
4 224
457 173
248 744
293 464
237 345
825 710
238 166
653 390
297 139
296 39
67 487
783 356
127 382
606 914
183 568
8 795
925 733
860 465
505 945
341 598
505 645
903 216
276 639
543 113
831 428
923 478
777 81
509 201
562 191
956 247
81 164
169 716
350 687
218 765
484 388
911 86
350 925
4 336
514 823
625 241
473 930
9 422
916 303
487 469
418 105
764 861
511 752
163 350
155 685
566 324
260 919
62 202
700 846
200 305
9 837
871 861
726 639
129 63
236 852
732 881
247 575
395 926
202 915
214 207
458 325
435 69
772 759
61 311
452 161
825 439
145 324
828 580
563 83
453 258
816 488
458 725
935 119
509 579
420 695
775 657
877 30
254 260
68 127
957 959
809 217
110 861
363 411
737 949
777 212
582 452
611 160
923 783
532 193
654 600
525 315
91 39
747 698
572 436
719 681
636 13
749 585
491 684
934 144
786 792
467 466
257 44
785 156
594 248
813 591
741 185
372 327
575 535
328 561
522 128
579 433
481 724
463 940
727 894
416 471
91 686
555 54
255 912
312 876
586 211
414 584
762 809
960 338
304 833
846 289
231 37
800 931
131 891
411 384
605 54
474 788
418 315
952 443
360 896
892 392
142 652
311 270
943 451
943 270
85 334
884 538
349 348
677 197
118 532
138 359
691 186
401 683
524 345
744 574
864 11
266 919
206 437
777 863
6 379
799 222
40 592
158 909
279 889
688 33
819 705
119 16
833 601
571 661
142 740
114 315
192 626
892 117
833 90
45 476
691 697
689 784
727 359
149 19
173 118
66 541
409 894
34 562
386 799
283 50
641 50
745 829
372 679
238 378
396 305
576 268
51 789
876 357
609 344
130 230
890 482
175 665
681 598
815 394
775 569
731 272
746 617
452 451
197 956
280 959
290 560
353 504
851 467
703 164
442 928
246 305
419 866
556 275
863 876
525 657
80 144
596 275
952 502
589 478
600 267
795 457
682 713
470 291
926 267
583 366
115 230
130 128
803 384
795 495
206 391
363 547
614 85
502 644
780 831
616 509
656 391
232 348
680 38
305 532
211 948
229 77
110 285
609 585
65 135
766 673
82 918
4 870
641 860
552 119
667 207
73 451
83 388
886 133
323 400
613 815
45 29
488 359
85 134
82 726
278 512
642 17
538 658
419 184
610 80
742 265
354 904
112 504
410 918
538 195
815 223
637 896
910 776
765 718
601 667
36 726
568 236
388 789
848 51
442 198
107 76
481 504
803 89
374 365
302 466
753 478
779 675
234 751
97 517
730 206
554 811
407 154
756 616
326 359
15 198
168 805
554 124
181 633
33 683
54 663
918 739
392 235
859 484
547 395
510 363
920 824
958 671
185 308
947 845
784 270
498 456
634 198
956 645
856 23
266 741
34 478
50 12
204 539
340 154
273 605
279 470
502 879
963 779
914 602
176 577
428 434
780 735
542 314
352 649
389 659
772 245
145 552
384 352
945 617
961 204
870 84
815 32
560 407
373 222
15 843
117 324
632 504
917 427
273 432
842 649
575 193
599 68
253 369
584 952
360 375
745 66
572 170
72 682
962 759
704 235
229 383
420 219
866 376
527 289
353 94
877 501
942 573
262 484
48 881
932 301
24 819
544 959
53 858
763 379
653 248
462 632
44 5
13 817
949 106
399 402
730 394
617 888
559 689
474 754
12 789
93 796
442 942
398 688
945 28
957 649
142 423
361 521
439 514
76 888
729 109
132 76
184 164
872 772
742 179
227 783
428 884
22 631
756 707
781 952
378 456
82 440
391 269
384 552
409 615
484 5
644 33
402 390
575 343
75 558
728 233
506 532
637 819
153 805
389 172
371 228
227 840
578 109
106 590
341 712
203 206
77 41
838 699
120 310
270 322
961 865
392 111
321 706
895 428
943 759
382 398
319 787
574 617
71 397
585 374
702 305
696 335
475 74
590 698
805 808
79 722
204 317
202 611
808 858
218 569
734 577
88 136
311 511
675 854
730 504
208 222
206 889
12 816
620 889
308 798
696 292
445 918
679 222
114 918
809 478
291 883
709 438
441 71
173 95
412 515
711 329
748 385
301 68
752 168
941 814
796 366
273 688
383 224
780 707
838 622
57 445
145 211
782 900
354 542
750 199
477 545
380 917
552 904
726 167
785 436
963 496
81 464
584 788
132 671
888 319
47 407
382 460
141 268
281 30
226 253
646 892
291 106
479 709
495 129
450 950
55 146
663 556
632 960
625 511
10 552
428 276
841 718
496 74
376 316
142 452
270 718
75 412
447 367
851 421
459 948
613 437
625 282
402 661
418 656
537 17
5 889
23 758
463 384
596 670
159 698
539 464
395 375
388 460
567 730
759 140
295 587
117 466
778 188
947 62
576 380
767 619
421 36
733 903
933 233
432 620
960 435
883 18
873 599
395 23
943 189
876 947
312 747
811 518
74 354
85 318
818 71
460 731
382 654
469 722
125 116
270 274
646 735
552 676
191 876
77 828
943 477
703 88
933 725
643 518
661 754
667 566
181 206
929 86
896 751
85 379
736 494
57 147
920 783
704 561
854 196
769 296
446 63
352 799
213 785
253 953
293 124
939 541
466 129
575 359
24 585
871 917
840 941
31 775
579 439
430 889
673 763
516 401
365 828
909 80
791 807
391 260
634 165
519 176
24 511
630 759
594 159
340 767
265 172
324 814
164 925
952 777
446 506
922 251
331 590
592 286
58 5
438 208
341 867
533 495
837 752
373 389
670 421
499 45
420 767
218 692
661 190
488 163
865 530
205 263
197 881
749 624
698 831
905 222
142 910
825 398
739 410
295 514
225 329
458 735
489 525
753 947
572 587
99 25
89 212
484 911
378 406
224 13
961 529
245 646
414 607
791 218
824 844
928 457
63 830
126 647
748 887
834 593
684 328
510 396
511 508
513 850
641 588
719 675
871 486
149 283
413 650
588 886
456 780
919 302
487 549
646 244
487 863
659 864
768 254
942 841
401 507
163 883
711 372
232 910
636 255
122 302
286 751
302 837
545 245
195 279
934 616
28 809
389 467
419 117
452 373
405 520
611 262
205 659
637 633
922 205
672 885
538 705
247 113
932 18
204 748
518 408
362 463
804 314
366 289
693 234
662 840
361 21
760 205
891 649
78 125
489 743
356 188
813 904
242 25
859 856
528 30
570 810
592 898
629 351
706 728
357 700
470 874
464 434
654 669
781 502
552 238
341 788
242 406
415 391
559 459
197 358
206 855
723 442
838 479
336 249
559 193
594 839
237 647
75 184
212 401
656 295
459 653
783 300
442 494
216 796
28 567
237 485
944 769
674 768
549 378
219 587
777 735
219 543
823 540
571 169
554 419
261 317
488 836
585 378
628 55
373 687
560 831
622 606
412 938
572 821
187 935
278 146
580 643
353 173
819 49
322 494
181 722
272 739
352 383
222 827
530 64
543 101
173 365
807 346
444 791
616 74
30 854
476 629
330 344
209 643
957 685
111 466
900 376
886 604
691 394
793 515
622 851
299 255
344 634
909 464
312 46
736 656
810 891
543 55
931 38
260 882
958 466
82 75
