1000 9887
750 287
454 680
570 129
885 776
579 85
321 357
887 610
793 533
70 103
238 226
440 21
973 341
892 107
15 30
952 432
695 648
848 1
960 971
262 589
850 912
123 31
913 443
803 595
788 883
703 274
126 829
843 919
551 350
97 553
259 358
188 320
801 886
299 601
583 969
964 861
415 619
622 785
364 1
259 503
297 72
26 406
999 921
383 180
19 535
791 909
593 910
957 101
870 654
100 746
321 707
231 320
583 239
615 513
288 708
934 927
719 479
994 234
905 619
415 286
71 845
40 4
386 48
226 307
74 239
974 954
956 129
150 200
886 326
871 22
927 311
845 872
700 158
24 679
520 620
81 586
267 509
451 360
107 762
549 495
239 265
742 400
375 729
746 991
103 334
987 475
419 279
202 621
667 749
655 680
837 309
212 550
673 985
431 825
253 415
661 104
936 681
977 451
116 905
264 562
176 366
512 456
72 303
223 584
349 797
868 819
581 594
15 348
238 15
366 448
25 744
337 846
602 242
398 511
686 949
830 450
138 920
503 238
180 51
952 76
240 494
437 652
451 378
601 811
251 238
22 645
167 484
796 500
544 389
709 821
446 293
375 321
123 424
416 776
751 538
43 555
721 826
655 288
679 414
459 827
80 564
110 582
71 429
359 290
765 827
364 244
681 206
222 238
65 305
193 484
503 707
821 746
169 371
633 822
444 147
378 667
597 257
663 72
126 356
550 762
348 934
149 819
97 98
723 146
427 561
268 167
306 494
200 915
129 431
222 554
864 443
662 226
665 190
633 370
617 661
29 575
842 494
975 270
119 696
561 48
366 787
638 994
46 663
833 986
445 753
927 969
342 379
822 441
958 849
336 64
483 307
485 353
308 174
94 667
648 515
872 33
239 217
473 410
899 658
590 431
702 293
557 606
418 108
994 767
811 479
995 138
959 815
414 720
908 984
104 504
783 194
701 341
170 271
759 195
448 485
395 686
503 385
550 90
113 463
744 567
268 263
72 640
895 784
606 221
734 406
459 692
633 865
139 562
50 75
13 85
93 167
809 142
716 512
67 788
11 282
13 422
625 598
348 795
740 865
338 225
872 788
597 585
525 476
265 955
826 237
296 644
872 931
541 914
876 519
913 523
20 843
64 543
784 376
859 732
827 442
186 46
152 242
262 139
274 571
966 214
30 247
33 689
909 688
684 838
34 943
778 253
10 67
564 686
586 670
627 70
404 447
333 495
835 117
618 271
929 232
338 390
593 59
849 81
388 875
815 716
128 702
582 893
363 773
313 236
647 691
428 747
103 939
860 742
521 128
226 646
583 710
568 229
407 300
763 66
754 746
655 122
895 577
694 532
950 898
247 846
39 737
759 54
743 653
959 976
491 131
602 383
291 700
950 829
402 383
477 729
298 444
796 83
190 742
908 565
47 91
654 49
144 970
588 781
113 491
886 46
541 385
784 762
877 489
456 603
753 731
844 758
168 111
960 475
128 749
400 2
187 330
352 480
79 968
562 402
47 302
260 691
117 182
563 772
35 255
326 930
20 521
280 758
558 9
651 473
762 428
235 484
385 13
97 283
323 841
293 346
399 612
521 774
258 676
147 247
106 490
55 311
93 736
354 928
940 95
98 790
524 286
466 978
505 776
901 580
993 547
498 451
372 472
289 932
536 483
849 44
777 991
930 167
96 537
225 891
787 34
116 469
358 953
159 696
273 761
220 954
561 594
29 220
17 764
591 842
388 109
852 714
997 431
411 772
639 770
721 421
796 401
517 208
528 799
545 151
584 619
939 507
986 447
706 386
943 467
212 335
29 315
468 945
478 642
406 379
892 552
71 133
459 751
157 555
670 795
175 155
141 87
624 997
17 201
1 716
109 611
477 991
919 40
373 30
607 644
321 627
141 168
144 212
878 841
774 848
6 750
602 919
857 240
791 195
776 616
995 636
600 364
274 877
849 563
835 639
279 540
563 657
489 188
69 655
77 413
339 478
343 318
327 853
625 969
275 582
99 778
23 648
484 368
341 713
85 47
822 392
328 988
717 350
845 873
846 2
578 932
875 683
724 602
201 210
73 616
246 841
851 601
125 836
256 183
898 762
760 669
835 77
817 490
603 57
90 156
787 302
591 159
937 765
310 617
739 553
480 836
397 921
817 635
233 652
180 397
346 949
333 665
171 194
928 327
682 412
530 391
125 535
881 409
420 739
522 867
854 52
696 82
454 966
541 182
252 525
145 205
364 983
204 872
633 618
683 960
868 455
749 807
6 179
411 14
244 522
531 241
678 64
442 744
994 429
482 249
946 264
160 381
192 779
335 743
972 500
979 432
62 628
726 719
344 889
92 751
574 403
778 235
795 450
966 105
129 51
644 741
746 295
965 943
111 531
277 365
37 258
231 986
412 848
417 634
608 851
719 65
962 982
120 45
317 749
563 749
430 948
474 98
953 521
666 238
975 408
817 74
563 538
693 727
146 890
258 620
45 308
907 89
582 485
876 706
332 928
820 637
323 63
777 902
337 911
889 682
394 350
626 783
536 475
369 318
702 456
411 561
752 889
694 892
846 939
481 821
251 943
622 146
973 284
854 481
489 903
20 441
497 444
743 795
798 744
637 133
269 486
53 447
630 395
460 407
695 383
503 275
749 23
99 190
925 620
288 351
87 833
183 518
669 615
417 709
805 103
862 104
866 119
343 973
430 203
227 544
620 185
785 148
733 374
236 690
844 945
443 8
351 643
310 344
738 287
387 705
529 792
723 197
144 314
594 830
666 83
776 655
724 845
197 843
715 898
898 66
355 588
619 302
710 763
418 27
475 214
178 744
565 609
945 42
984 848
324 465
488 563
665 443
885 528
135 299
554 717
203 625
803 902
227 926
893 150
108 946
660 105
823 719
735 451
556 970
63 42
747 817
531 764
380 190
309 246
245 914
262 217
579 153
427 420
711 396
415 851
290 628
610 609
521 16
544 351
104 326
454 782
754 256
192 678
49 864
247 861
138 691
13 773
714 914
40 893
238 512
67 732
759 166
706 302
28 198
583 116
606 706
431 393
939 700
912 448
822 839
477 608
307 310
849 923
296 37
887 691
28 484
231 175
225 357
110 964
952 560
934 960
720 754
891 549
931 858
571 419
535 68
227 941
176 681
613 724
840 384
352 106
334 430
64 350
654 541
182 226
120 101
926 765
875 791
626 659
589 541
400 719
665 117
885 466
102 996
770 264
629 989
722 17
560 252
176 245
125 206
368 845
367 113
50 955
263 346
730 695
548 484
271 895
846 193
59 529
461 349
815 882
403 371
294 263
61 520
831 228
160 269
724 549
553 944
938 843
99 314
461 447
835 142
268 821
198 562
643 835
865 983
935 155
539 658
777 9
726 228
673 488
359 965
217 980
894 830
806 140
311 870
367 666
914 247
672 160
700 630
294 963
499 879
790 546
905 318
783 261
236 54
841 746
938 830
504 902
946 357
710 458
705 26
771 338
979 407
709 514
876 117
566 985
880 112
178 833
365 760
503 878
641 915
878 672
201 900
457 18
277 487
116 305
795 406
979 245
317 998
12 84
766 687
362 145
309 950
629 125
832 913
210 989
339 131
624 339
607 554
486 193
824 912
22 779
877 471
563 46
736 91
239 749
245 535
768 112
698 139
129 156
276 101
974 313
870 389
599 857
855 307
837 708
876 878
950 493
916 181
795 492
93 628
712 195
926 10
929 294
732 301
807 317
385 468
613 254
519 253
546 41
161 13
125 820
364 524
433 909
172 1000
198 655
132 297
460 142
673 27
489 938
119 387
130 389
561 930
330 753
368 388
601 858
806 59
402 309
187 969
814 171
835 249
360 695
363 264
92 970
459 829
832 305
631 931
389 602
446 517
602 679
914 299
106 772
113 434
313 848
478 378
504 785
129 542
568 730
5 923
508 856
438 951
610 476
644 686
144 64
936 188
240 537
519 523
132 304
339 159
983 606
857 606
932 392
609 13
516 591
130 158
26 69
210 80
909 936
324 216
785 602
913 557
111 752
871 794
486 380
694 305
785 747
269 990
254 232
236 787
737 274
928 841
413 783
569 585
647 26
870 243
63 851
245 924
12 531
531 517
224 681
778 86
634 876
873 236
522 83
134 149
642 116
375 227
739 578
260 331
744 238
941 940
393 110
659 135
39 409
869 346
742 728
782 323
469 76
695 729
859 348
722 700
78 752
778 746
697 282
702 5
351 185
869 572
708 766
303 197
899 963
517 400
83 548
93 812
670 694
175 124
70 866
127 279
810 317
832 285
761 425
615 514
35 534
892 297
672 479
264 38
786 341
404 688
946 15
32 563
79 340
590 826
960 159
292 985
653 148
31 768
732 947
879 972
400 966
168 290
28 726
196 336
15 828
384 330
611 615
318 967
706 849
340 599
269 621
457 917
42 781
467 491
128 254
606 569
7 13
376 914
231 556
492 876
272 701
202 818
702 651
134 87
454 167
747 530
234 483
664 254
594 387
873 200
379 275
324 752
472 56
974 334
172 956
319 959
470 57
475 661
901 401
601 583
599 212
68 524
17 534
308 346
880 706
789 556
422 15
958 594
327 390
330 678
958 60
913 365
352 627
956 709
763 320
960 640
491 430
619 645
826 773
407 12
66 910
681 792
883 937
331 318
429 913
601 428
361 951
680 829
45 523
818 919
503 645
895 135
787 624
827 943
166 607
61 363
110 948
202 259
40 442
760 489
260 679
447 999
857 613
549 907
267 466
430 898
750 887
128 956
591 111
638 773
408 348
500 962
307 749
241 758
186 81
759 876
704 414
963 379
716 865
404 127
268 285
979 645
584 243
432 832
949 535
367 112
923 986
394 132
972 729
954 956
703 859
280 291
502 520
820 933
693 337
398 375
399 218
225 889
119 305
247 508
507 83
6 450
523 399
123 163
638 582
217 938
289 373
660 876
543 977
74 628
91 574
766 612
661 646
810 64
170 419
869 739
94 258
222 471
479 460
652 754
160 484
14 451
640 574
311 519
539 288
302 318
305 618
982 684
160 339
770 532
183 585
38 340
351 919
374 476
56 228
398 197
415 650
718 881
258 211
451 702
164 25
610 57
143 49
176 711
193 575
867 951
625 540
473 735
537 722
442 278
813 261
740 827
887 948
527 711
879 516
188 997
798 786
728 722
747 158
144 259
555 867
794 855
315 490
941 114
263 10
836 856
803 17
287 896
750 107
955 186
793 11
30 162
16 988
99 368
976 986
647 49
353 637
570 78
272 645
884 354
466 583
820 522
252 212
981 262
426 233
256 586
122 696
259 907
78 507
446 127
86 966
456 461
787 417
886 569
632 584
63 498
963 800
485 556
436 160
205 750
185 352
60 596
703 162
617 421
213 434
584 570
273 773
661 666
80 265
100 964
657 927
182 978
570 740
899 998
352 905
593 717
597 141
134 645
908 616
772 15
867 139
710 311
213 773
783 393
914 296
199 822
627 779
31 521
252 860
865 303
404 669
968 397
784 851
812 155
550 366
809 288
796 554
874 454
748 307
225 385
128 582
382 241
637 613
658 598
366 581
512 619
418 898
571 200
149 18
741 616
572 716
400 520
993 911
889 590
943 680
15 622
667 736
295 302
613 319
225 598
713 489
320 809
104 912
690 907
621 629
86 536
347 212
846 830
115 304
587 954
915 131
845 510
949 922
955 642
705 555
478 27
34 649
660 949
384 632
740 123
192 561
147 750
750 52
329 760
204 168
27 353
7 719
153 621
470 367
919 430
78 864
592 492
640 631
844 495
900 41
867 86
960 724
498 687
710 384
985 135
217 301
807 741
311 591
517 281
316 167
688 978
653 800
202 815
161 950
936 492
847 734
478 343
724 395
474 849
448 134
841 337
549 96
435 384
476 453
637 807
749 314
509 404
456 256
311 130
253 437
991 556
500 201
780 395
608 642
550 741
735 555
560 613
390 678
504 123
590 641
559 654
15 940
434 557
112 735
956 426
758 634
82 507
375 642
896 325
555 568
443 438
525 524
985 875
323 908
710 520
537 198
383 54
320 902
258 163
492 764
110 311
956 78
891 462
833 647
42 334
684 145
741 64
890 848
33 1
255 828
915 159
938 260
665 580
544 627
172 588
51 421
734 938
646 364
80 179
749 215
694 632
990 707
637 810
956 599
815 412
448 294
191 470
251 171
568 87
677 411
415 379
192 827
1000 642
639 585
235 895
587 482
162 402
221 672
350 92
977 758
47 100
178 213
216 32
587 115
25 755
23 479
45 515
938 279
37 239
193 417
408 528
302 108
3 311
516 482
538 166
903 418
144 393
823 331
679 999
847 65
211 419
504 407
196 437
894 164
197 156
624 440
953 726
475 278
82 76
963 493
747 322
896 434
881 852
550 995
534 484
37 692
719 936
707 976
101 321
121 515
451 174
803 453
825 637
489 368
720 500
851 101
595 980
372 475
379 321
551 897
590 89
280 292
941 721
564 823
380 109
280 339
431 756
967 998
470 90
436 94
203 893
367 966
501 624
483 221
229 929
123 162
547 516
949 408
494 319
117 896
711 370
948 32
627 611
759 102
905 211
583 820
52 908
833 309
369 768
457 809
670 636
640 575
679 502
222 103
813 832
212 694
562 704
726 823
527 57
649 864
241 817
459 736
117 452
190 528
36 894
476 357
349 145
813 610
335 418
283 271
47 350
141 165
326 227
644 780
166 632
652 311
314 858
261 817
188 887
780 83
68 461
213 676
475 212
715 622
793 1000
885 146
633 233
686 93
672 955
279 698
953 754
385 110
520 767
560 956
245 612
980 489
28 910
107 655
73 307
571 28
662 181
702 870
206 113
851 380
396 569
55 276
612 631
538 894
354 835
371 931
686 430
615 380
106 348
458 997
868 680
732 303
384 895
403 205
685 671
730 824
894 751
860 395
237 273
38 971
60 887
631 456
872 854
854 361
507 126
651 753
835 364
85 277
892 139
125 532
273 875
368 311
609 323
340 811
263 892
602 16
19 232
829 263
359 632
506 28
269 336
625 98
492 31
134 890
305 516
948 493
198 329
127 381
723 602
652 614
196 954
218 682
644 962
246 769
745 903
857 785
162 873
580 855
227 521
546 963
287 291
895 94
538 367
477 81
944 522
54 298
126 360
988 323
420 279
993 51
672 616
675 283
767 225
823 179
330 484
684 731
331 150
743 120
410 444
345 973
948 956
328 29
606 688
111 754
993 797
600 617
54 918
702 770
394 123
15 617
955 310
834 573
780 955
552 554
487 808
439 590
744 306
990 212
410 880
253 272
842 863
403 233
405 571
800 595
621 517
17 927
113 822
63 384
240 851
963 910
967 591
53 59
542 310
625 394
877 957
713 804
915 96
276 558
354 282
392 35
263 864
378 148
565 224
281 733
161 762
694 524
315 835
330 787
611 382
294 958
557 892
985 21
400 493
273 113
557 909
982 378
252 899
165 52
973 861
939 597
616 486
486 752
487 137
679 527
296 76
792 849
761 280
122 482
606 80
734 37
884 594
648 304
468 313
253 573
152 686
297 567
649 682
923 263
488 754
486 941
35 199
589 788
550 538
714 109
370 714
473 403
84 888
819 711
111 673
262 365
837 833
864 716
913 527
650 714
893 960
250 834
750 955
474 382
699 139
404 101
63 992
444 870
655 748
603 727
231 558
9 444
546 141
198 920
124 922
312 363
745 532
621 600
141 996
919 526
497 226
877 895
882 23
189 413
378 470
655 160
52 139
237 113
792 322
289 237
123 118
485 611
986 184
329 667
458 497
5 396
578 478
963 648
393 311
97 512
994 270
543 797
982 279
985 113
290 912
491 264
806 65
887 76
322 546
236 92
339 586
994 700
597 53
384 510
31 563
452 516
70 991
696 474
442 542
634 42
966 37
533 654
680 974
734 1
813 654
420 436
193 593
253 961
883 630
610 386
957 687
889 201
858 952
579 977
535 182
866 747
747 180
180 851
842 320
845 543
799 114
471 221
419 382
409 820
11 88
18 67
417 257
483 512
582 544
784 503
470 782
343 116
825 749
242 873
573 803
506 978
54 376
938 455
519 166
998 387
693 351
424 755
273 620
436 936
368 558
332 201
246 515
427 231
708 892
565 917
142 894
972 953
313 268
242 218
631 404
405 740
692 264
677 604
886 578
354 339
228 360
375 459
506 406
142 920
977 567
155 287
212 740
138 707
583 823
86 245
146 182
293 421
499 880
50 346
855 547
804 567
531 217
830 781
169 120
765 813
304 721
430 369
657 211
435 221
808 321
735 942
541 56
390 803
725 132
763 305
61 139
93 378
982 728
75 36
597 954
943 162
517 354
89 723
718 742
618 494
117 229
245 464
743 369
140 28
328 260
182 419
538 187
704 175
260 645
559 355
690 462
984 719
433 127
752 14
442 135
83 139
658 643
383 580
352 248
409 871
586 865
91 261
292 532
832 545
673 611
102 903
929 473
539 475
457 572
257 625
233 818
98 822
281 462
252 250
897 148
55 644
936 686
280 146
688 63
561 775
360 448
52 446
824 463
99 637
155 932
462 553
636 332
185 398
694 916
823 560
772 550
460 58
152 379
461 463
686 760
666 703
363 705
553 913
915 214
935 43
477 463
181 865
455 134
699 748
596 640
816 512
856 166
568 161
977 150
311 839
147 798
424 377
332 290
673 378
217 166
201 617
53 456
536 558
392 244
30 824
536 605
655 348
942 499
848 558
84 991
676 508
549 74
361 748
623 825
221 393
59 466
593 894
649 572
524 696
852 29
390 539
435 471
844 905
278 35
761 93
282 430
619 139
175 409
841 149
70 193
685 284
10 532
432 462
419 216
295 629
137 879
524 109
233 246
286 264
490 239
456 83
577 989
686 233
140 757
803 15
145 841
992 468
242 719
800 797
393 727
512 846
220 314
537 232
172 181
216 893
989 920
622 453
180 728
660 226
953 344
57 403
185 198
370 250
488 113
142 532
452 468
856 217
682 521
828 799
397 733
636 336
630 882
186 587
207 935
315 805
56 179
244 20
419 963
665 543
373 636
195 680
269 401
52 39
734 607
873 586
330 784
916 639
187 889
958 406
562 935
134 724
781 391
433 537
807 759
612 196
601 36
102 453
566 890
959 665
763 264
657 155
844 719
594 758
350 384
886 118
126 427
970 53
112 277
554 948
792 961
889 67
999 130
73 142
767 55
624 271
382 19
64 578
372 13
875 926
166 143
509 244
789 290
607 623
828 646
940 850
671 109
780 235
529 941
287 949
344 661
127 650
172 123
817 106
780 890
414 456
594 92
427 847
599 447
713 314
238 383
457 756
573 798
340 984
465 161
256 196
204 266
65 628
963 79
391 718
159 562
373 783
621 744
158 382
696 833
713 741
627 363
189 412
320 725
679 25
243 739
891 159
319 670
616 975
324 800
901 376
632 753
338 856
670 503
929 815
382 657
916 531
518 699
722 798
464 562
880 362
517 497
978 795
540 54
729 123
838 311
160 330
87 865
625 186
347 924
245 217
482 189
277 606
630 36
558 961
615 688
762 100
691 160
604 928
372 651
988 486
30 786
644 810
495 534
103 637
474 799
700 1
991 514
426 922
558 163
192 360
675 325
793 786
900 978
996 783
409 399
83 238
125 160
73 388
606 766
167 630
295 573
666 179
139 17
951 86
556 358
498 282
906 885
409 827
926 368
672 895
694 252
861 325
440 735
495 274
529 683
73 631
756 476
404 489
679 704
229 124
677 1000
595 583
816 936
515 914
195 437
15 326
534 550
977 251
389 29
138 799
306 247
952 757
829 543
647 658
252 256
256 637
367 561
101 663
462 799
420 115
393 308
982 86
985 434
750 242
576 657
223 22
255 877
853 235
692 47
877 21
273 943
481 716
902 518
88 986
721 77
655 379
749 364
36 745
865 407
807 524
131 55
596 289
210 548
602 638
811 34
175 279
88 359
453 81
292 81
611 885
710 123
912 206
172 600
131 866
830 672
11 776
801 942
913 692
606 843
740 779
882 88
889 853
598 194
840 271
415 203
182 194
921 82
480 430
619 349
358 387
951 428
823 79
974 201
371 514
724 240
752 543
521 694
800 811
975 673
10 181
194 118
711 895
124 315
361 159
110 258
902 388
7 800
923 955
30 67
858 320
641 238
661 227
590 187
206 640
869 64
473 53
335 330
927 608
823 563
307 82
864 576
61 552
400 763
321 347
263 600
268 838
450 97
384 514
436 60
574 894
707 411
30 652
379 58
401 267
40 652
938 109
172 677
764 463
960 604
910 126
804 965
368 23
705 904
579 627
126 722
677 290
753 900
226 28
10 977
597 123
473 166
969 764
877 283
71 356
109 945
678 685
954 297
499 621
407 934
767 316
676 980
643 140
607 199
919 75
633 824
545 754
620 82
771 80
884 751
408 586
481 148
727 883
548 164
31 808
315 45
617 637
444 399
766 350
966 268
827 182
165 547
427 580
908 397
470 762
598 970
124 633
489 609
77 269
205 472
153 325
604 406
31 364
823 960
635 732
752 912
287 647
879 140
884 321
902 96
7 772
637 23
786 713
345 399
841 562
256 360
259 403
557 438
156 497
506 634
802 447
803 586
275 37
264 818
872 582
857 405
582 922
717 129
260 454
869 326
165 335
208 814
340 816
543 938
415 779
17 328
471 927
476 747
41 322
42 173
62 168
122 932
914 105
60 345
990 896
585 266
106 651
530 25
568 412
870 431
438 730
809 982
347 947
95 305
904 958
562 646
334 533
503 524
505 87
398 904
58 985
904 781
588 709
921 462
387 294
944 601
908 252
231 23
415 476
25 306
278 972
300 908
796 521
486 931
69 89
953 846
331 850
617 601
715 411
249 829
917 348
702 962
404 769
153 7
104 563
955 118
900 797
664 804
48 57
357 1
620 649
220 287
607 925
3 803
280 92
890 951
410 853
418 246
21 331
523 185
377 841
929 226
384 825
289 252
825 34
394 283
241 155
760 585
303 407
76 51
938 146
74 823
262 600
800 863
85 203
278 110
365 203
901 191
798 713
843 992
551 435
332 363
853 71
319 639
583 994
217 157
95 132
528 983
620 357
307 928
307 396
978 939
740 606
249 157
361 955
567 671
515 864
202 45
221 351
168 85
18 484
652 447
391 421
306 255
629 499
296 953
810 735
188 255
620 154
947 378
287 229
325 50
865 197
611 937
940 529
248 193
653 180
486 79
338 413
733 454
463 341
768 593
306 432
54 482
186 234
461 788
318 999
618 169
230 211
124 562
965 132
396 428
114 36
555 648
404 148
794 284
764 514
528 192
747 468
819 963
987 357
770 261
684 420
224 887
45 375
393 750
146 974
628 224
284 576
582 689
927 494
381 272
518 201
195 673
964 369
180 256
427 217
449 289
971 256
769 662
724 789
536 822
111 462
973 479
367 560
743 969
137 173
711 367
142 926
665 839
904 137
632 782
84 425
167 576
398 183
75 102
682 2
499 882
782 89
655 469
769 850
578 479
60 257
395 38
960 287
505 182
145 5
917 879
94 32
41 180
407 925
987 999
792 907
485 755
904 709
212 154
469 565
572 138
349 31
277 482
23 194
575 785
118 836
747 116
366 706
647 902
723 255
795 282
192 373
31 196
474 611
352 11
127 583
572 863
703 373
663 368
386 476
405 96
244 440
286 189
306 551
145 867
721 652
849 471
685 954
983 772
453 549
812 108
704 621
256 841
968 178
306 777
988 813
534 737
702 583
573 837
456 866
472 700
471 438
519 132
940 351
523 193
29 920
531 714
489 627
223 454
677 749
824 303
74 946
593 406
323 389
91 993
111 482
170 496
872 234
265 284
38 59
564 87
142 229
342 956
865 720
259 331
939 477
127 308
544 11
50 380
256 35
278 340
743 544
891 789
31 612
930 875
316 14
335 274
999 779
650 479
62 713
945 459
835 971
527 513
804 410
349 99
173 181
417 643
932 38
865 13
791 253
561 276
135 889
157 705
68 300
125 333
788 613
789 268
295 631
560 972
244 109
460 381
953 531
382 471
954 316
51 610
21 227
116 167
867 809
854 861
92 216
664 969
992 470
794 340
593 821
157 404
233 22
769 18
209 45
772 876
450 305
862 782
149 353
208 227
724 747
736 594
467 64
609 573
848 275
546 70
216 669
512 90
877 664
627 401
55 904
25 717
53 231
40 730
423 821
372 931
378 288
787 46
871 380
367 616
151 943
355 80
35 942
507 893
414 731
223 105
204 928
544 532
218 619
401 57
493 723
331 184
355 270
965 585
801 440
674 678
182 813
644 18
424 117
936 464
573 5
496 295
278 227
744 589
705 204
2 225
934 990
439 340
44 612
124 115
670 996
231 22
469 749
292 106
629 399
831 967
874 294
175 447
71 766
240 570
573 344
847 105
707 730
640 433
269 535
291 35
81 432
998 94
124 559
548 153
508 462
385 171
909 600
508 317
720 637
349 523
831 411
101 186
708 470
391 810
196 130
987 137
547 929
569 729
533 126
497 790
81 87
677 835
512 961
168 897
998 629
420 373
821 36
109 274
419 784
683 463
206 616
119 217
726 355
468 599
402 965
275 177
317 310
907 916
514 962
644 321
152 595
506 480
734 712
915 494
313 576
299 629
85 44
826 782
847 920
978 793
596 408
668 125
796 170
155 82
818 686
156 777
364 164
916 883
222 30
459 760
984 41
982 756
640 885
259 161
47 326
529 67
35 390
698 714
182 555
398 532
404 593
211 73
841 194
895 19
808 21
438 880
973 629
120 909
233 402
106 160
171 685
897 705
185 727
148 461
760 349
415 209
254 75
606 764
720 827
681 715
576 319
382 676
943 719
165 787
56 723
20 886
849 490
797 586
172 95
712 958
35 532
245 942
393 749
931 365
354 810
650 463
917 40
350 710
684 226
43 234
542 192
565 571
473 313
759 638
668 622
854 321
742 133
214 224
34 858
74 927
148 677
111 344
276 899
995 493
430 957
998 736
177 834
916 723
797 208
602 56
142 927
846 647
705 817
83 901
321 858
892 321
216 685
783 146
53 497
971 82
840 919
677 268
458 242
424 446
278 329
481 307
759 128
209 876
446 531
804 641
677 157
94 33
60 241
5 528
500 504
562 335
846 90
409 296
415 262
787 659
404 629
187 367
115 769
278 26
559 511
304 385
893 577
714 116
272 175
417 79
580 541
202 691
611 597
337 472
954 997
749 831
720 807
537 503
3 463
392 657
923 671
854 929
551 579
258 562
193 478
708 46
51 805
548 439
720 468
884 367
704 669
10 2
30 65
595 613
674 108
696 652
756 720
677 748
184 79
851 813
929 907
345 109
553 688
271 285
554 411
114 658
722 853
249 999
526 797
319 545
142 234
623 503
476 688
533 848
22 524
922 534
152 826
173 752
389 563
486 633
527 253
431 200
606 350
576 925
494 680
79 762
944 849
853 495
160 372
948 469
236 423
808 60
611 181
313 858
334 556
635 902
322 664
566 959
383 33
357 710
139 415
505 435
32 299
14 621
628 583
990 362
525 95
781 833
797 895
64 365
733 13
746 667
419 221
516 565
439 134
995 629
796 709
28 895
664 603
537 467
477 480
247 222
298 584
889 593
802 872
966 959
73 700
612 535
522 379
561 215
380 947
825 810
834 680
985 556
380 34
663 859
11 464
492 443
73 879
989 777
578 724
835 191
488 274
228 361
688 395
201 11
365 229
811 471
481 552
902 930
190 912
962 89
1000 284
322 312
752 429
386 541
354 137
134 715
568 47
296 274
784 142
27 130
230 911
711 84
623 632
97 986
919 139
795 153
128 866
502 211
586 270
603 527
754 584
39 936
245 115
299 839
304 619
218 829
700 393
645 536
226 256
173 263
376 365
657 442
287 259
868 358
791 147
492 594
409 145
231 102
744 812
396 441
549 333
185 698
874 999
337 407
317 665
953 701
124 636
917 346
333 904
684 699
723 39
742 449
228 984
853 936
270 876
275 534
497 602
828 762
443 348
444 755
357 190
270 181
642 882
625 906
21 119
977 353
741 280
30 255
93 517
775 67
501 980
962 582
963 163
825 838
538 549
152 408
529 532
392 391
411 613
376 630
604 72
234 636
197 648
285 774
684 142
507 77
346 965
856 906
86 3
52 151
345 139
530 772
518 412
575 69
463 735
651 573
527 486
990 708
187 809
919 600
846 680
613 867
937 361
160 478
696 128
739 34
758 322
134 838
494 864
549 573
379 391
743 504
448 231
72 563
128 741
688 967
183 769
336 888
79 976
585 891
733 339
143 835
121 465
992 194
735 522
119 933
305 641
548 47
901 793
258 269
723 451
379 649
508 467
770 400
849 489
977 316
249 93
153 402
637 266
777 937
292 579
59 840
99 871
870 400
581 835
196 231
43 348
836 407
485 207
824 567
241 347
164 911
424 980
385 626
996 172
985 661
454 560
395 971
419 783
186 526
243 595
123 185
643 840
882 902
722 735
27 447
1000 453
626 387
39 300
901 145
533 303
449 242
730 357
878 277
994 302
540 998
743 681
100 957
943 475
196 828
550 11
364 122
576 946
403 590
98 74
299 993
809 300
965 512
70 940
435 289
535 274
972 456
169 397
575 573
338 492
141 79
307 283
224 395
576 848
954 642
213 589
605 475
914 480
645 592
685 419
957 350
101 684
999 225
763 531
177 170
823 309
631 536
254 21
861 19
624 285
439 189
709 79
747 148
106 20
676 920
605 110
646 560
404 827
963 460
9 52
50 591
768 686
665 90
703 566
980 613
33 640
694 223
54 62
500 706
272 763
539 641
510 575
3 893
228 244
599 967
121 892
416 470
215 990
769 470
495 318
114 652
859 547
968 914
293 513
394 388
161 503
436 63
848 87
830 459
191 311
45 41
273 878
950 544
739 783
928 206
235 319
179 324
740 679
221 961
388 472
9 773
619 690
679 256
867 32
302 858
354 975
273 25
243 663
187 575
445 507
311 406
120 633
763 822
685 217
202 99
477 59
776 302
26 149
435 475
386 237
889 20
965 919
213 722
789 409
461 760
101 593
961 528
637 639
179 482
163 114
92 43
692 26
148 373
186 160
357 549
542 605
45 155
70 722
803 51
186 19
634 917
376 893
49 245
586 528
716 935
789 93
869 143
615 415
173 164
932 587
664 233
295 181
836 382
621 512
17 914
271 45
252 619
954 737
683 485
332 13
595 753
391 830
268 869
15 40
373 632
172 757
359 949
414 590
276 97
342 518
994 756
260 80
905 157
265 318
216 300
612 138
361 180
618 871
193 922
881 159
139 847
839 34
951 996
535 741
810 292
80 521
106 346
356 686
397 156
579 761
754 585
847 676
540 204
724 401
597 909
980 758
344 861
116 938
723 859
889 71
780 306
981 415
13 477
110 931
679 872
334 299
207 91
173 151
423 419
568 987
420 304
230 91
750 866
749 885
847 732
349 359
444 541
836 783
747 348
729 761
989 311
239 328
741 694
949 601
276 437
707 907
157 142
489 414
972 605
537 200
756 452
685 960
512 282
822 251
842 749
521 604
261 345
635 618
873 177
587 975
180 303
893 287
252 393
324 750
788 157
406 808
595 653
806 606
602 179
927 714
363 653
489 986
366 368
835 299
496 185
952 367
317 421
709 867
446 283
276 702
161 522
382 740
809 934
442 825
23 356
613 580
52 724
588 774
785 78
397 128
952 585
313 913
577 428
619 809
595 320
631 646
361 730
287 230
771 173
884 802
600 153
840 392
16 186
105 391
713 111
107 264
241 798
58 316
721 532
409 910
448 676
175 691
767 821
655 188
298 638
301 889
505 934
435 975
862 938
964 94
965 419
215 68
876 770
290 125
897 131
507 266
494 116
612 703
133 866
542 198
121 976
160 960
747 644
640 90
468 682
720 264
846 888
151 642
815 747
748 702
553 952
915 193
937 537
204 8
649 365
449 117
730 64
696 976
881 500
376 609
95 950
282 753
869 667
925 409
319 702
566 405
289 511
570 600
648 802
740 392
136 22
636 233
428 831
346 619
478 100
190 824
521 931
882 760
549 411
80 578
100 525
304 726
105 913
451 618
989 482
592 429
338 493
563 220
212 54
729 196
190 956
288 526
127 165
718 888
350 348
633 800
81 975
631 618
27 792
283 690
214 922
876 275
514 266
311 192
663 431
866 793
6 630
98 655
887 909
712 623
257 140
55 408
614 362
882 884
874 143
766 433
605 109
127 761
845 574
375 723
266 805
491 738
241 651
488 892
241 612
152 51
422 471
978 131
346 233
579 285
319 30
363 934
219 410
863 989
132 499
249 558
741 49
561 907
358 963
531 719
750 449
753 483
682 929
739 592
556 906
596 943
602 248
12 980
731 604
385 718
906 312
502 777
263 741
584 722
159 788
532 338
881 400
512 659
313 412
61 774
483 76
449 44
181 589
74 659
574 92
26 734
856 353
804 961
930 644
170 676
23 319
354 82
598 177
118 22
195 894
605 747
696 185
145 85
227 337
558 576
969 736
973 772
226 139
562 369
959 753
374 307
362 475
363 46
862 4
683 755
441 113
745 794
905 653
934 512
757 99
371 472
451 69
932 33
148 528
24 119
154 225
582 161
668 672
434 689
20 714
357 823
529 964
219 826
249 890
188 631
483 865
157 480
323 776
570 267
474 356
846 500
903 23
319 348
546 496
31 360
362 689
954 29
2 638
333 112
775 89
439 652
279 910
928 688
894 339
371 746
737 500
512 433
426 293
683 651
487 888
209 204
47 676
509 625
256 283
656 987
954 778
358 894
252 469
844 177
935 202
442 496
561 657
748 533
30 748
325 740
731 353
324 969
735 297
869 723
891 103
468 796
485 730
507 894
938 988
591 954
596 528
84 492
216 220
58 551
819 224
416 669
540 743
175 245
417 977
957 357
633 879
80 665
174 951
644 719
857 887
948 602
528 284
672 756
329 31
774 785
116 369
661 428
763 730
311 205
822 525
35 205
534 241
391 240
103 170
110 642
970 867
348 51
332 648
667 897
84 757
582 284
395 66
234 166
396 665
988 67
59 945
7 49
230 186
664 808
186 52
146 487
954 620
823 800
292 696
189 836
116 932
834 539
746 319
674 432
886 834
786 662
402 655
240 509
294 385
612 644
479 911
469 70
817 472
487 299
298 991
756 925
834 829
561 979
690 825
12 781
566 364
894 553
440 4
464 378
856 908
764 45
160 131
656 888
513 641
916 314
518 402
687 633
246 731
707 343
774 892
179 270
622 38
333 535
366 621
152 598
925 293
308 345
94 302
187 920
652 710
673 293
19 407
259 388
374 89
784 613
246 381
821 534
649 925
482 182
691 54
504 502
88 225
269 116
680 805
734 120
112 167
298 782
442 536
596 377
814 304
981 449
390 262
676 305
514 436
254 285
715 285
969 410
257 822
75 523
300 876
852 449
144 514
128 517
239 393
535 204
719 147
851 11
580 587
286 314
242 558
775 882
23 521
818 467
870 28
789 178
685 1
64 629
46 709
339 445
286 212
586 966
860 233
291 318
43 449
634 970
910 777
802 174
785 706
755 114
996 328
337 957
79 601
121 870
12 723
825 864
920 76
168 977
420 793
480 963
561 878
727 89
803 504
733 680
919 811
319 987
167 740
117 792
175 988
858 58
165 434
493 997
440 143
920 665
290 913
496 166
869 612
522 708
959 873
910 103
14 88
672 817
735 246
587 113
776 71
709 983
765 955
221 669
807 698
956 967
739 465
406 480
857 830
778 236
892 768
876 253
74 131
849 251
779 548
67 982
880 855
366 710
645 751
25 494
463 388
504 75
729 534
804 64
589 726
92 466
275 882
115 388
652 12
746 947
233 284
586 792
811 138
720 794
742 867
327 847
533 864
955 178
171 739
7 121
547 28
270 725
417 295
37 802
722 234
371 936
617 81
870 269
229 155
447 84
938 421
696 655
489 631
950 260
699 516
773 373
315 799
872 48
820 816
298 38
467 741
359 915
565 100
5 445
884 477
142 126
451 311
823 568
990 642
701 469
458 732
136 51
246 434
985 2
469 145
786 53
915 299
631 5
781 494
875 479
925 771
58 863
97 947
633 737
634 138
463 804
834 787
28 263
527 879
658 138
623 726
257 547
934 807
465 832
191 858
393 905
164 214
416 297
620 79
698 641
291 813
18 527
59 822
649 695
210 807
874 462
987 741
823 283
862 295
934 656
372 55
83 60
193 652
803 215
118 662
549 349
849 533
685 167
543 595
945 58
24 317
779 447
233 137
729 780
513 335
876 677
953 384
6 780
437 128
918 945
704 589
962 796
154 674
671 155
12 516
403 129
149 365
955 822
150 670
137 301
233 820
630 965
556 984
634 368
932 811
459 263
422 393
80 48
668 593
467 784
268 871
52 190
716 357
274 144
720 96
298 26
155 703
617 504
433 817
237 23
735 296
40 400
223 196
9 982
617 393
85 163
678 952
27 278
212 282
625 7
169 41
868 493
730 458
751 680
364 188
406 313
210 598
227 332
250 183
814 999
587 220
753 820
884 554
653 937
909 63
16 434
643 239
607 294
849 966
496 682
353 23
121 51
545 657
793 655
576 9
117 167
607 239
736 191
127 850
720 964
844 826
27 624
486 55
396 267
542 556
634 725
357 810
897 972
750 979
287 947
989 309
447 313
750 943
305 336
15 549
163 846
6 232
357 169
10 231
618 80
301 932
582 575
710 512
705 945
65 733
363 976
881 531
236 192
121 826
30 412
512 395
215 896
971 622
823 705
76 330
977 145
741 72
320 700
837 933
750 510
643 960
825 37
630 848
224 882
635 842
578 833
892 91
12 925
587 559
780 905
760 932
221 869
717 160
204 117
497 453
795 570
777 27
451 86
618 935
123 15
894 776
382 596
943 339
583 840
485 765
340 230
734 716
777 501
781 421
69 595
397 476
805 303
551 319
666 551
653 770
156 894
808 364
735 947
368 163
187 633
406 453
136 297
615 958
857 801
841 484
71 299
679 552
24 778
151 115
176 30
841 373
110 978
182 559
862 477
705 262
75 886
1000 838
863 209
734 155
681 301
410 221
303 522
643 347
941 244
541 986
305 146
548 42
586 229
913 595
29 995
723 452
339 463
641 329
696 443
116 155
372 269
245 569
817 136
712 930
710 733
842 557
662 272
884 224
318 714
524 273
727 378
103 572
125 196
56 565
655 958
661 88
241 463
756 474
461 194
177 724
727 235
368 982
518 194
757 162
802 113
640 92
474 238
203 983
336 3
389 7
707 20
801 79
233 669
235 38
560 306
798 780
322 93
843 677
591 863
463 700
263 784
363 822
119 347
349 50
648 804
646 467
705 821
672 680
725 314
377 676
798 558
639 644
89 24
787 219
233 716
445 99
946 392
59 331
514 327
240 43
478 245
99 224
389 620
965 525
912 407
643 265
649 645
61 164
191 801
22 817
373 227
671 588
619 791
178 467
405 280
433 18
887 542
504 221
771 139
222 947
304 276
488 561
31 195
503 902
179 628
633 241
228 691
583 467
192 505
249 760
489 169
948 928
419 178
642 419
873 307
797 588
556 824
471 613
607 818
521 815
498 312
86 531
510 467
378 651
524 309
504 89
105 251
968 183
57 376
578 554
246 836
465 227
323 221
911 452
841 536
178 818
635 532
339 191
447 164
730 768
237 784
169 624
811 193
152 322
737 61
104 91
86 991
551 131
905 21
209 384
218 346
545 110
892 131
289 296
989 963
647 637
652 937
579 859
427 486
279 548
385 59
930 531
381 883
222 297
702 23
687 673
375 341
86 296
624 719
719 302
19 353
539 406
523 785
84 313
428 127
875 367
178 149
973 770
577 505
17 314
990 223
390 913
818 84
545 756
156 618
16 486
74 164
112 383
370 847
442 320
81 640
561 71
170 851
282 581
407 642
874 463
802 672
361 656
359 133
681 357
135 884
746 773
667 593
876 384
383 656
847 1
941 60
254 135
555 838
542 576
564 952
780 845
896 370
989 321
992 491
685 72
851 288
135 427
618 125
90 946
197 638
493 471
755 956
747 972
439 851
190 457
487 997
539 1000
884 335
241 607
355 667
263 404
434 254
55 534
539 921
920 901
333 336
266 167
860 640
759 659
940 463
172 609
32 308
786 8
678 735
596 828
26 641
248 785
669 937
856 720
804 912
131 137
554 123
943 303
446 717
798 614
624 747
709 942
532 590
57 675
302 383
932 570
329 291
838 368
27 932
883 44
785 240
434 926
734 45
862 486
535 452
921 464
723 860
814 133
840 512
128 652
267 339
909 224
748 264
417 674
144 422
349 499
853 434
297 584
335 128
174 262
432 481
876 484
932 470
475 261
487 730
990 91
900 312
371 69
462 428
764 756
999 383
505 911
125 78
142 524
647 655
156 422
239 43
385 328
115 505
225 649
233 902
803 270
916 119
774 125
647 385
389 401
266 428
532 71
825 955
937 657
494 206
817 559
926 219
802 477
551 250
78 568
940 435
445 779
602 190
224 334
111 432
846 573
959 230
302 735
696 934
904 147
852 553
763 94
748 906
471 953
809 794
646 391
951 721
412 265
17 447
164 442
894 738
123 733
913 133
696 371
145 19
799 657
529 437
736 830
252 814
156 548
253 1000
878 953
681 387
844 633
499 728
853 645
729 399
896 766
144 115
832 956
562 25
947 514
392 924
283 628
714 319
992 181
244 418
194 651
266 780
91 305
845 1000
628 456
745 300
599 729
49 229
632 606
675 776
11 161
819 886
713 479
510 519
315 535
924 767
393 865
76 280
164 623
225 774
618 343
910 553
254 667
982 143
413 384
986 66
698 318
664 450
958 228
742 527
599 242
947 597
591 862
333 634
930 524
513 540
753 183
350 775
378 212
680 598
808 555
956 739
53 328
998 481
749 468
821 967
680 741
473 873
666 568
374 443
531 334
476 463
57 731
425 799
779 888
220 859
930 944
809 161
370 985
611 237
23 107
3 135
559 506
463 17
527 600
546 509
503 312
165 679
719 192
98 650
121 347
657 279
153 634
224 906
791 324
236 149
353 824
549 402
608 818
284 877
211 311
50 587
440 531
96 245
559 574
547 30
599 423
931 191
200 936
503 498
307 115
890 902
746 226
747 583
487 960
483 437
582 663
489 740
437 76
95 608
846 808
266 356
270 356
720 247
632 483
320 741
891 382
216 566
273 721
682 831
919 702
902 808
547 555
493 967
241 54
890 429
337 603
196 877
327 64
807 890
105 848
716 176
990 787
494 706
44 969
540 966
317 91
635 448
340 172
550 43
643 471
493 435
286 805
883 875
114 960
575 605
615 608
981 278
503 726
784 667
222 874
80 847
524 688
623 950
607 349
952 929
474 990
107 324
185 530
297 764
600 451
249 667
875 827
803 166
789 135
238 505
59 918
614 228
727 479
563 614
909 558
424 853
608 77
348 328
228 950
682 799
945 794
163 805
612 540
979 583
530 795
747 547
15 737
901 712
11 326
432 913
169 706
167 123
703 901
816 887
836 378
15 391
255 770
293 545
955 557
268 865
432 767
414 547
221 799
916 494
498 880
247 47
854 509
674 879
948 114
436 142
276 567
164 932
400 170
411 984
752 418
899 959
995 6
304 947
844 481
682 452
41 468
666 328
425 949
799 815
914 243
863 148
757 945
408 864
891 823
840 803
892 612
253 722
235 939
607 147
329 937
580 813
762 72
283 337
503 698
434 927
862 487
927 757
364 673
876 199
897 590
679 868
762 298
945 378
304 334
326 947
292 231
267 419
31 154
194 5
723 134
221 769
901 945
653 508
824 706
920 341
598 730
972 601
628 139
615 447
824 544
567 312
769 481
509 816
499 402
85 65
467 976
859 102
298 231
113 888
444 349
871 759
915 169
556 845
747 954
142 794
517 182
20 729
247 51
820 153
41 308
535 950
259 747
647 580
441 754
264 51
933 911
502 999
517 104
424 313
351 134
8 56
360 619
511 972
937 253
114 550
23 352
62 478
908 554
47 110
655 367
566 862
607 102
511 93
368 165
937 276
425 802
679 797
890 54
107 192
913 21
382 970
709 872
62 870
121 92
163 243
253 615
549 10
73 193
899 87
866 926
315 140
908 159
122 382
197 96
591 19
254 403
684 630
343 753
118 738
793 794
461 700
463 338
631 349
505 584
362 67
755 680
22 343
10 423
3 45
871 198
12 281
107 669
626 647
55 405
2 771
370 457
558 500
997 828
559 549
798 295
548 266
452 231
862 942
25 851
888 229
963 245
176 225
488 147
824 589
312 417
385 427
106 468
962 423
944 230
894 366
772 932
224 620
885 873
725 900
428 414
824 427
21 729
191 137
375 188
300 479
417 314
276 905
960 938
838 847
929 993
260 389
668 266
51 13
617 438
648 114
485 654
844 75
863 441
136 26
446 315
408 825
123 410
697 515
182 973
249 352
395 660
771 305
531 314
333 97
507 537
532 766
22 836
675 954
917 195
785 46
415 383
29 808
335 436
27 879
386 172
505 409
144 193
571 618
588 516
202 475
286 635
14 522
576 115
116 436
577 686
858 869
832 160
13 370
269 712
576 482
100 294
196 403
125 275
641 314
435 785
737 145
242 593
449 762
813 28
617 683
979 844
586 918
310 62
223 779
629 788
297 929
105 104
495 694
434 964
166 498
462 276
67 420
840 100
788 396
111 55
920 60
703 787
959 357
24 266
234 558
181 37
256 132
294 460
96 579
684 188
812 393
650 124
579 430
906 194
128 334
274 171
954 697
296 962
869 298
542 448
711 818
413 276
270 135
401 308
458 431
664 334
702 138
298 180
83 822
483 112
676 320
89 201
713 903
994 348
939 325
817 929
964 784
568 25
566 740
326 377
143 349
293 64
238 31
597 146
209 817
545 831
602 312
216 115
773 368
166 289
577 78
923 102
428 566
818 880
420 212
203 51
724 378
586 359
758 169
675 551
54 544
454 270
654 391
328 297
36 122
457 139
221 162
6 598
979 10
72 814
35 162
236 609
2 937
349 286
352 46
232 532
4 834
76 669
457 997
45 765
794 300
244 411
444 741
873 301
266 197
582 327
968 503
841 847
516 849
298 562
836 54
565 528
591 300
544 789
49 453
289 910
822 16
349 525
275 335
369 344
261 352
635 581
807 213
898 723
167 122
727 2
655 801
533 325
683 472
575 222
108 609
215 735
471 689
569 574
156 239
360 850
643 647
221 911
147 980
388 42
925 349
412 432
204 818
96 939
227 403
726 939
752 306
623 529
312 755
847 909
373 790
1000 544
140 409
343 364
22 925
819 21
346 678
202 49
95 334
882 678
654 321
142 405
899 122
296 965
350 280
101 670
77 534
433 220
396 32
89 530
970 909
808 32
475 179
957 641
874 289
935 866
249 401
559 290
918 135
229 284
767 796
536 757
253 95
55 432
292 966
367 386
538 922
991 836
210 177
909 593
257 490
572 725
285 316
862 834
21 482
428 292
225 760
448 198
180 308
950 336
54 261
916 480
719 541
388 857
355 774
816 788
546 101
912 994
750 108
366 373
646 347
833 352
541 47
542 280
305 587
859 436
381 840
75 485
904 581
693 418
332 268
523 637
362 658
187 924
341 174
998 936
213 224
451 900
165 77
193 54
494 763
844 356
925 579
371 245
469 455
821 530
723 540
982 527
363 93
554 782
224 485
847 647
938 609
408 361
487 52
714 200
715 273
843 292
330 241
865 48
151 509
745 726
727 834
933 15
54 744
844 970
866 782
914 701
408 394
705 436
675 332
839 577
456 5
166 900
483 812
673 748
504 273
349 179
419 360
257 69
724 997
440 744
208 388
451 40
684 74
561 785
798 198
234 459
795 508
756 340
725 899
262 899
730 811
358 984
604 768
364 541
21 728
110 960
650 40
914 393
512 25
812 377
604 951
954 674
82 937
967 872
553 972
211 152
898 957
795 949
8 503
9 898
88 645
895 666
972 145
316 941
105 890
108 335
515 537
576 537
810 531
988 100
777 278
687 895
892 463
388 827
477 783
468 342
511 373
451 530
387 72
799 631
675 957
397 223
166 486
240 780
294 553
867 377
481 22
282 33
252 416
573 183
85 442
79 124
515 98
989 39
360 995
248 229
583 403
586 181
790 43
187 66
707 667
999 419
837 4
326 842
949 762
823 209
585 452
877 777
859 258
232 471
51 957
604 87
641 475
492 793
44 415
862 907
955 295
168 659
578 950
890 900
63 802
773 537
159 479
55 670
632 263
996 360
581 690
181 36
369 268
8 550
355 753
14 233
232 4
530 727
471 319
627 445
186 701
977 222
760 538
190 157
726 307
375 508
583 606
200 625
203 786
114 427
542 449
882 932
109 683
470 351
313 528
812 974
562 953
725 475
999 716
17 500
971 119
75 58
727 619
924 423
283 41
919 380
304 759
74 449
936 508
810 477
174 924
50 86
931 547
605 392
394 700
999 144
143 784
610 465
109 193
983 764
819 327
151 769
344 613
828 399
889 143
961 746
177 59
548 30
876 387
721 681
568 954
137 917
120 59
375 295
859 592
594 223
797 922
528 241
628 2
835 587
232 307
177 374
795 831
220 268
865 761
372 503
67 387
320 349
642 907
775 229
447 116
12 663
327 738
276 876
635 565
451 189
386 879
533 324
759 364
981 658
485 483
712 441
695 592
682 785
345 674
743 952
213 489
751 873
422 111
1000 259
748 929
701 501
230 823
599 410
13 787
970 502
933 194
900 447
189 50
726 795
602 285
821 573
291 542
520 8
577 41
463 772
619 946
981 327
895 769
188 125
856 15
400 21
791 59
464 253
707 776
729 432
148 578
19 826
538 342
371 443
120 889
227 959
267 340
14 963
918 21
41 551
154 206
720 855
42 879
280 792
389 553
321 726
903 225
642 763
689 93
508 309
881 821
418 45
880 704
242 961
780 963
820 688
863 882
185 895
538 701
354 798
924 662
392 575
465 159
980 778
306 969
741 483
63 203
526 753
414 867
807 248
538 607
835 243
712 326
346 972
720 177
85 353
88 571
910 370
532 160
130 800
347 554
539 644
276 614
61 728
961 298
142 681
820 155
344 340
878 401
181 687
167 460
227 33
725 290
672 146
47 778
485 761
658 413
865 679
480 933
867 17
99 123
516 277
145 135
41 54
829 437
540 8
545 998
290 641
282 859
982 524
645 468
683 673
978 563
567 519
179 894
164 125
849 806
810 548
280 551
540 349
528 381
288 710
73 80
435 537
473 718
694 773
496 601
109 475
852 462
926 973
233 410
378 597
58 343
173 6
84 679
231 784
35 125
945 531
258 260
685 235
903 180
284 772
432 31
586 880
590 792
239 362
44 132
229 384
450 431
419 972
15 517
551 599
632 125
779 72
873 117
569 652
552 606
864 848
718 111
974 405
203 212
559 773
9 72
855 402
129 940
760 656
492 372
716 715
582 840
364 685
682 838
761 839
78 539
88 535
87 475
569 72
59 207
937 428
366 278
308 395
666 869
259 713
721 406
268 521
866 101
717 930
921 849
742 463
544 504
529 372
88 932
910 27
681 177
535 698
352 617
829 473
482 228
216 8
89 318
435 294
600 519
667 403
784 725
508 987
699 293
142 419
884 622
689 584
818 940
533 695
550 383
847 267
850 477
293 401
283 648
413 761
286 633
69 119
292 170
827 68
758 877
939 965
135 780
653 207
48 875
417 623
334 404
75 457
27 572
186 151
900 847
760 240
153 454
651 323
19 499
581 14
177 504
466 790
470 950
785 650
769 13
194 908
608 94
495 470
305 380
941 664
998 459
142 519
141 976
453 846
566 699
81 407
391 520
195 411
252 88
894 539
346 21
328 568
256 309
864 602
169 628
223 457
315 786
998 565
33 197
518 460
132 287
636 37
821 149
824 167
806 331
238 343
498 986
942 891
48 917
881 27
97 724
350 230
186 783
404 45
660 276
464 613
563 499
621 89
860 963
37 742
44 964
982 362
530 43
752 359
550 46
277 734
196 942
969 746
398 954
40 178
991 281
65 257
907 598
892 690
272 110
967 288
700 509
97 144
79 992
207 223
27 845
945 450
800 459
801 870
567 591
309 875
145 762
937 823
594 555
852 407
637 903
54 721
736 440
844 787
168 308
723 162
338 124
894 153
876 508
895 416
438 163
130 144
900 924
409 404
173 78
391 27
379 729
732 195
490 210
534 457
791 474
774 135
507 660
410 563
28 998
349 574
315 370
86 265
897 92
883 119
284 663
924 691
432 773
933 489
350 759
849 212
433 321
579 432
137 336
394 321
324 642
647 302
775 373
836 357
161 59
324 529
74 844
200 543
627 408
920 824
869 507
887 630
808 825
864 725
204 78
647 716
190 9
599 183
51 453
549 590
569 128
643 649
222 382
742 677
925 347
29 262
857 189
285 956
198 391
753 124
402 248
683 777
961 111
545 872
964 886
483 669
166 240
248 755
129 572
434 184
805 391
992 754
421 398
630 164
362 406
515 782
178 4
876 179
491 215
199 670
611 806
244 773
3 192
41 917
6 673
865 234
106 181
302 673
577 660
814 107
905 909
570 801
16 228
112 637
305 250
182 128
956 447
477 223
580 371
177 256
788 352
862 945
478 958
997 918
555 18
366 831
189 862
480 590
134 65
392 544
929 271
107 865
733 557
4 597
439 678
584 419
787 262
663 887
521 169
63 91
356 215
284 276
399 69
911 495
902 868
523 401
82 963
468 600
877 772
238 838
920 643
886 626
498 915
743 991
48 974
595 85
269 426
697 471
899 527
665 881
631 170
908 711
963 628
9 928
307 248
365 907
79 612
564 16
160 470
127 424
692 805
703 463
781 30
725 3
874 847
434 92
236 80
199 860
202 192
455 758
536 736
758 501
657 124
951 104
862 55
938 623
661 680
272 45
308 923
749 560
951 276
292 183
832 656
774 759
576 106
79 73
117 134
463 430
727 717
110 817
400 784
475 500
263 106
131 640
392 896
379 561
3 474
157 561
180 982
896 399
521 822
99 798
297 842
337 149
926 383
569 546
806 785
737 340
789 238
686 415
11 165
474 457
475 944
958 575
981 17
752 978
116 214
695 324
590 170
21 373
423 1
480 985
816 132
734 849
590 213
777 856
250 54
588 270
627 336
387 893
778 370
892 116
267 763
180 40
826 614
475 636
132 203
925 402
393 289
804 837
78 979
613 655
62 159
778 596
230 877
13 969
752 493
922 571
30 968
179 14
710 448
203 436
982 677
60 283
8 166
361 780
344 254
252 991
435 297
757 886
829 73
558 633
134 949
598 398
819 79
677 21
240 782
439 358
496 664
23 103
690 224
249 48
119 541
819 508
143 830
679 856
974 536
311 832
540 418
926 927
268 221
72 934
674 458
590 552
477 241
406 183
210 972
541 776
585 232
438 278
35 139
733 32
130 141
386 291
794 420
356 864
343 345
337 352
48 157
410 476
158 854
71 991
526 443
395 273
548 297
931 163
882 399
664 870
793 134
812 102
671 173
505 820
414 158
73 178
741 425
923 948
880 143
158 131
521 413
388 908
6 471
636 320
672 358
546 45
694 787
308 917
740 117
208 942
707 388
446 504
29 176
548 892
660 790
919 555
161 745
551 412
934 492
458 317
829 282
454 833
365 282
972 262
222 445
26 584
359 764
435 148
888 936
430 409
130 301
169 465
763 489
325 222
255 29
844 558
905 694
619 246
505 442
732 527
25 291
5 797
27 765
447 988
908 162
582 9
196 732
510 52
168 309
991 591
685 272
932 447
736 296
420 363
594 842
277 238
794 440
488 929
305 221
270 921
767 869
163 203
699 13
702 956
336 757
484 437
894 120
236 565
439 959
154 573
67 500
530 900
214 613
819 773
842 622
862 869
497 919
3 816
189 825
975 654
725 871
686 471
447 481
342 281
346 212
523 150
300 261
837 570
208 108
530 569
432 612
380 170
660 980
57 121
241 244
773 339
170 184
128 967
800 735
647 787
864 255
529 263
15 161
311 782
186 945
642 58
636 185
104 346
886 904
859 474
204 813
591 899
997 667
411 77
764 341
394 789
288 240
677 378
442 813
243 990
442 84
464 977
947 988
515 736
937 22
757 957
634 168
144 711
416 515
606 178
218 659
516 222
575 637
135 544
136 642
525 152
128 886
486 892
18 730
559 457
83 384
72 623
676 250
269 700
439 76
542 647
874 191
646 609
618 184
529 921
489 100
287 953
77 341
595 232
840 169
449 790
836 134
908 315
825 627
736 18
738 736
298 533
678 23
328 772
371 870
185 366
708 111
967 722
732 373
665 2
55 704
132 547
388 949
1000 165
357 488
270 433
623 13
599 116
825 47
898 805
4 884
646 207
423 834
201 753
666 313
268 290
199 283
683 86
830 395
609 330
463 678
265 497
288 62
445 656
431 806
742 175
479 473
448 419
13 821
779 112
398 849
991 434
973 739
903 972
668 119
834 363
856 435
286 982
855 643
820 620
187 639
120 586
9 551
835 879
819 114
786 281
18 687
516 178
19 634
169 297
829 615
245 94
153 572
892 763
508 800
469 550
897 573
496 716
654 467
438 295
23 800
761 33
732 870
419 15
681 672
3 332
866 764
633 223
279 523
84 673
158 744
34 458
177 466
90 597
586 894
686 586
219 232
573 709
703 618
685 907
745 160
512 335
909 707
953 307
510 520
522 312
447 57
52 431
567 280
327 535
601 641
39 227
3 921
405 533
34 993
808 980
57 64
276 806
351 290
440 388
854 351
103 873
304 504
972 942
994 594
976 41
688 509
69 910
781 116
633 987
346 849
682 215
994 709
465 569
561 722
789 111
682 102
973 421
886 974
9 784
892 347
967 139
131 261
190 800
283 78
919 846
437 969
866 237
919 341
631 943
501 134
529 507
503 600
110 11
14 748
821 740
643 845
574 484
615 712
728 20
106 1000
692 631
415 264
956 60
760 421
862 337
226 449
814 198
720 160
729 494
476 153
116 432
135 782
28 700
853 533
32 333
934 766
704 299
106 29
469 909
571 189
477 402
581 12
315 21
582 351
250 796
897 965
595 160
297 933
101 151
184 994
250 911
87 452
591 340
445 650
444 803
251 711
620 708
162 108
695 314
440 374
457 696
126 392
893 253
252 235
219 402
384 845
648 650
738 906
869 116
851 729
746 115
308 164
972 835
21 761
575 166
438 221
247 465
599 60
665 526
924 877
502 769
963 785
88 757
251 3
844 20
351 36
981 989
9 953
569 219
576 713
8 101
635 86
764 306
912 715
749 34
805 272
551 364
437 956
496 72
902 734
843 50
295 566
632 374
486 710
179 154
326 31
936 511
387 425
151 64
123 521
839 855
821 760
805 195
273 306
205 823
79 994
597 865
415 492
291 210
171 888
667 159
136 965
657 357
573 329
905 919
211 504
429 81
963 585
508 590
720 878
706 861
836 796
384 237
850 112
614 153
396 636
733 805
91 787
918 985
617 788
562 624
428 173
15 639
785 884
149 261
152 23
775 81
742 140
567 934
160 546
551 269
223 521
954 67
261 364
889 697
727 169
518 140
78 439
48 710
195 377
472 530
878 158
441 793
540 611
601 635
801 9
592 914
845 320
630 766
42 127
494 651
544 725
153 668
691 614
765 681
535 937
826 543
331 87
599 294
506 467
255 764
492 226
187 884
630 408
498 591
967 83
402 265
900 24
959 575
35 697
938 742
409 460
339 783
691 34
361 971
842 697
307 301
553 453
874 523
191 871
13 67
417 858
108 199
95 475
562 412
620 170
839 968
481 425
844 930
296 856
667 891
226 393
944 548
706 927
487 498
605 139
165 634
408 289
851 119
574 267
823 229
326 967
558 114
337 286
307 747
112 718
224 904
847 144
660 173
908 308
747 484
175 791
162 434
932 690
846 472
205 496
723 271
817 246
985 884
90 194
609 372
516 960
719 763
445 690
651 107
391 684
15 704
551 914
988 744
648 755
501 843
501 852
636 282
855 120
346 88
835 65
459 331
495 377
224 516
717 200
336 173
502 734
468 602
584 643
363 644
473 452
809 610
313 371
7 659
265 496
599 341
911 73
180 197
795 928
338 315
633 256
143 352
832 427
316 884
83 611
101 616
255 353
60 369
354 18
136 321
65 982
1000 943
641 789
397 183
774 971
867 321
904 725
62 573
689 961
249 26
840 723
568 674
259 967
184 683
81 689
952 466
135 916
11 650
550 733
857 415
698 576
75 515
974 941
296 820
560 673
79 75
886 329
101 527
62 799
852 432
326 912
440 799
240 593
553 900
689 156
687 505
28 778
124 983
162 756
419 159
662 201
222 720
281 162
410 454
654 669
125 507
76 673
722 111
297 840
137 547
607 852
812 124
493 4
357 41
769 87
788 501
237 417
873 923
655 583
983 90
677 923
586 672
94 807
962 467
549 592
466 738
494 502
513 987
200 458
831 23
890 689
329 839
275 105
721 233
261 70
662 15
372 895
517 149
384 575
123 32
563 408
173 641
924 95
304 880
412 363
970 269
330 940
312 687
459 768
867 159
740 663
118 7
544 106
763 350
66 994
340 5
195 794
164 299
311 388
979 422
688 905
265 936
162 852
662 681
993 326
701 909
724 466
687 206
690 158
875 166
115 605
156 292
408 635
504 228
453 213
241 690
395 164
474 631
720 899
383 741
466 243
799 183
957 867
2 881
900 842
167 750
571 45
954 159
276 391
498 307
614 967
555 625
385 281
760 977
580 196
824 622
879 456
718 78
104 932
102 659
51 863
363 913
90 251
272 772
612 324
759 535
996 251
462 571
211 889
394 315
363 814
307 69
609 926
404 118
389 100
564 406
268 891
548 751
170 746
346 899
554 364
220 872
96 678
207 838
482 323
982 28
878 477
686 996
194 510
604 693
437 522
666 836
740 341
99 39
635 105
212 270
428 963
857 215
142 241
515 633
74 747
790 685
268 703
749 434
329 447
630 351
460 579
120 532
748 238
255 398
607 165
203 291
900 347
499 632
181 175
635 292
49 697
642 979
19 693
97 149
524 686
926 878
66 744
344 163
805 851
255 236
735 662
499 662
559 420
410 237
799 373
718 639
644 614
857 989
337 416
162 717
823 128
71 671
82 116
562 170
36 325
794 297
499 37
599 558
46 666
709 186
626 712
148 238
833 930
349 831
64 949
508 156
383 844
668 788
100 374
945 877
432 824
882 256
521 558
940 160
63 211
559 830
836 311
142 742
362 600
402 819
20 134
498 136
321 385
599 82
821 468
968 952
218 59
756 575
82 986
428 754
888 655
564 281
136 638
398 89
91 985
666 809
207 715
598 8
433 698
217 99
713 934
748 395
84 501
485 850
3 139
290 832
772 76
95 151
474 816
616 326
573 205
415 540
644 6
460 615
488 492
931 626
749 295
770 940
884 562
192 124
122 501
132 106
39 818
443 941
615 787
482 909
19 14
295 809
49 378
923 276
482 636
583 577
714 435
866 726
278 840
376 86
470 672
236 578
223 936
615 70
215 340
396 658
275 547
521 799
230 179
529 552
289 835
484 314
290 111
807 406
675 362
940 486
794 559
821 278
295 83
449 679
968 837
346 89
54 286
919 798
223 509
815 729
330 501
313 411
313 257
955 702
88 575
920 646
601 967
123 7
587 692
473 116
592 14
490 146
136 100
552 425
782 223
807 824
479 475
118 137
670 624
588 937
471 807
991 444
244 727
356 484
691 400
892 535
160 344
364 152
761 340
563 202
123 579
680 814
623 790
663 191
593 807
541 543
374 368
729 359
583 132
415 278
127 24
917 560
240 884
41 869
482 913
767 72
351 721
28 660
33 806
660 697
923 609
710 811
205 689
71 69
245 656
695 50
128 828
78 850
828 657
152 178
707 980
798 297
106 473
210 164
788 263
827 491
324 295
264 522
524 408
817 354
674 493
773 503
480 988
212 823
74 816
988 636
649 266
851 684
526 576
603 95
937 519
596 780
209 412
636 29
907 607
255 593
769 530
293 372
310 690
777 63
119 38
762 914
559 908
645 112
846 659
8 75
691 718
985 45
969 912
43 563
247 819
13 855
621 2
490 516
108 475
292 274
645 274
204 966
726 839
514 591
505 78
255 405
889 299
464 810
269 911
507 652
143 906
93 331
330 143
757 228
593 771
597 843
84 114
629 474
900 646
813 739
304 445
639 81
895 59
951 373
845 722
917 709
278 897
874 354
547 344
692 663
92 427
455 795
858 824
979 997
514 34
438 74
37 608
250 794
314 63
267 936
944 90
432 142
396 553
163 782
647 32
215 98
384 976
883 12
573 856
68 866
390 154
138 195
901 313
298 781
915 811
472 568
489 638
271 978
219 261
578 708
635 925
554 959
160 853
413 381
307 998
290 744
165 460
114 420
189 470
373 617
948 101
125 548
181 882
675 570
683 144
385 885
868 156
796 337
359 539
804 868
569 217
631 111
578 25
464 601
978 834
260 133
274 361
739 103
459 700
656 978
541 598
100 698
782 800
952 499
466 582
847 378
653 13
662 994
746 762
858 976
235 371
932 43
513 850
520 941
816 452
64 377
942 132
391 134
291 178
21 133
46 296
331 898
633 262
729 795
894 127
337 854
348 327
955 233
703 607
57 241
782 571
817 200
31 338
437 151
112 898
247 71
336 278
744 403
651 65
564 678
704 238
859 994
163 955
437 56
205 44
826 593
450 181
859 19
437 425
59 619
225 839
392 358
285 229
267 550
808 942
881 328
994 937
385 695
869 487
674 247
586 206
274 137
447 609
273 825
781 726
599 179
106 724
473 31
835 457
48 949
624 660
161 650
324 834
825 355
61 913
28 94
599 401
416 824
388 898
645 217
1 895
420 871
476 398
258 249
331 405
4 501
709 712
984 457
35 409
696 445
676 979
843 318
295 859
97 176
31 877
14 597
527 104
809 371
115 532
978 362
631 548
709 490
847 992
185 710
240 567
405 457
832 811
164 578
106 192
968 315
950 865
49 96
432 104
140 825
234 172
590 769
115 163
477 472
651 143
85 839
926 263
84 622
139 123
680 448
715 772
754 379
776 896
347 819
103 531
654 929
146 988
108 394
261 317
673 917
198 904
682 589
169 662
811 867
208 188
696 737
968 838
200 464
458 700
935 386
829 923
461 311
416 152
859 236
697 249
419 799
96 752
333 765
484 895
69 919
765 730
747 947
198 709
977 938
456 933
629 764
119 93
800 877
235 576
787 89
19 195
586 995
259 720
922 459
246 320
908 707
967 472
541 331
704 524
138 686
394 820
53 529
496 402
44 904
632 990
579 569
286 981
657 231
416 691
326 458
678 191
292 334
904 840
517 142
429 979
984 54
714 867
840 779
364 296
629 340
222 154
151 394
210 706
746 528
936 72
343 595
895 6
61 168
607 402
656 717
504 57
123 785
73 36
55 204
865 64
956 377
1 497
98 593
64 673
83 255
840 258
589 697
654 724
845 527
153 493
249 596
642 187
646 723
849 485
963 81
499 28
110 225
950 101
474 290
129 133
975 722
725 993
245 945
599 838
784 487
949 819
595 999
427 41
564 670
787 585
627 54
517 586
663 806
834 740
281 540
241 619
570 154
777 860
924 917
506 708
786 914
290 709
451 929
722 576
484 787
12 954
294 278
843 860
214 852
368 316
422 89
942 864
726 11
783 112
61 872
812 992
504 699
900 658
170 288
299 588
360 590
89 400
863 68
722 900
743 562
620 447
285 642
202 224
925 978
286 832
782 837
802 640
948 629
952 624
19 667
369 738
784 857
13 393
240 657
370 800
956 63
923 302
504 230
583 504
319 4
219 525
805 782
845 721
594 979
121 355
927 511
486 101
328 131
438 216
232 575
260 510
656 65
992 105
457 524
224 946
381 228
54 10
38 655
314 175
227 136
931 308
627 101
777 926
318 382
745 18
243 503
332 142
48 733
341 936
531 728
864 607
21 518
810 818
561 529
873 775
322 7
342 66
234 715
55 66
113 906
185 261
574 873
646 138
631 328
137 106
670 284
48 571
658 316
397 680
564 46
972 92
590 471
852 762
445 188
527 34
949 380
401 190
476 790
38 53
321 975
58 297
821 812
20 94
633 638
778 967
140 492
685 476
593 588
31 51
26 455
634 144
653 810
302 360
808 301
80 680
502 371
912 379
92 763
643 253
496 696
210 650
54 571
337 125
577 274
176 661
396 394
54 682
700 216
757 25
457 909
448 985
305 64
489 227
469 829
552 479
127 817
736 352
940 862
797 995
521 110
50 916
589 577
278 652
654 859
306 765
971 897
898 281
21 102
885 615
138 678
881 924
720 542
96 280
261 472
689 277
485 186
267 891
21 312
349 987
885 697
119 421
985 575
507 463
949 156
879 95
555 381
665 717
738 941
902 226
25 558
544 522
230 577
837 951
640 29
842 991
293 553
220 991
668 427
947 612
485 493
684 271
930 362
223 185
260 437
801 255
394 575
325 745
380 388
535 938
866 479
191 428
820 60
949 336
53 395
701 271
207 634
248 649
563 466
2 633
35 813
971 9
934 159
39 633
573 782
579 604
212 403
888 950
402 407
299 805
620 391
896 973
507 710
813 520
89 746
951 670
679 655
666 282
151 470
475 901
887 552
737 903
899 496
24 982
611 954
249 167
377 448
463 465
710 946
838 135
35 246
480 637
188 968
234 26
680 368
223 938
885 345
79 150
599 607
395 127
823 23
595 236
614 184
564 869
176 110
193 896
68 20
604 102
876 643
660 432
509 998
846 194
993 953
243 6
315 661
627 170
627 172
976 916
603 484
962 603
208 256
306 220
607 211
381 285
518 220
495 277
981 606
357 276
506 574
124 481
161 105
492 637
977 143
940 277
544 534
356 220
512 52
542 496
566 483
360 806
902 238
34 699
18 340
381 720
644 416
204 111
843 768
756 747
901 160
649 95
557 830
359 546
696 30
492 193
940 274
148 657
575 302
379 245
942 551
13 817
483 329
930 707
146 210
619 187
468 25
865 411
518 981
981 357
912 308
662 640
314 626
69 268
714 243
453 109
808 116
560 725
979 172
488 688
875 76
362 169
35 261
382 172
862 346
809 366
156 379
616 864
326 864
88 441
896 614
790 965
523 395
33 917
338 185
129 506
918 186
810 661
768 735
966 726
881 890
522 450
353 757
64 576
447 327
558 367
82 348
206 287
766 242
733 923
720 486
135 379
798 201
512 498
287 588
320 692
163 626
369 35
539 939
167 938
262 890
800 573
376 671
86 862
509 605
682 945
388 804
815 767
1000 20
583 627
341 772
622 239
375 144
756 625
691 957
433 968
670 289
712 503
416 20
392 29
892 224
450 783
783 115
622 969
694 554
948 973
282 628
378 221
394 838
145 212
169 222
151 858
354 66
875 492
730 281
269 171
737 515
545 900
229 637
469 484
477 953
117 466
374 291
468 172
928 941
73 394
573 95
634 95
446 895
417 775
308 836
862 423
831 956
376 434
92 310
292 208
311 212
921 256
797 877
505 643
197 221
914 759
703 325
227 842
197 878
794 464
601 135
301 192
289 664
272 458
334 184
569 577
287 770
864 131
85 751
572 547
99 139
295 132
975 550
651 948
870 312
319 2
802 56
142 176
510 699
721 40
849 115
902 7
356 5
449 365
301 644
855 61
505 224
309 137
260 323
152 332
817 622
433 945
834 263
808 835
396 555
431 689
902 801
688 413
427 323
771 89
985 365
568 195
517 246
512 661
962 71
925 369
639 733
161 748
56 390
596 512
491 424
873 689
268 555
731 575
878 706
825 438
829 390
153 733
740 295
750 718
416 653
878 685
681 151
677 150
880 494
361 979
516 231
38 359
834 478
504 805
505 460
468 192
967 286
127 77
787 588
496 697
848 686
781 86
839 992
226 481
193 744
495 504
535 152
168 314
518 931
525 418
619 11
858 833
305 71
952 949
92 393
935 967
573 438
831 694
335 807
227 870
63 184
451 314
126 120
941 67
799 37
837 370
659 878
626 711
929 500
345 765
876 815
698 187
20 931
685 975
413 140
380 961
972 701
869 3
531 657
693 373
841 546
772 612
738 938
427 129
409 753
545 733
363 783
642 676
863 586
674 245
103 941
265 194
898 973
622 22
128 353
610 614
347 628
426 161
385 855
246 378
672 141
767 399
985 506
342 841
697 302
455 490
520 465
186 813
27 227
959 938
854 212
728 161
951 842
648 117
322 556
38 304
151 243
710 262
804 719
308 542
40 148
900 314
408 664
94 511
945 407
191 867
126 472
135 940
599 56
28 540
697 859
314 689
741 886
460 983
174 157
337 651
159 651
420 293
794 118
462 152
796 648
107 283
128 932
318 7
720 733
903 222
64 613
46 693
283 773
767 917
298 542
779 732
287 730
453 750
76 415
721 854
243 182
30 120
521 591
258 895
941 730
328 743
717 115
339 220
792 182
833 606
426 156
17 617
280 505
104 157
341 208
498 909
83 777
670 341
193 433
108 716
659 36
541 216
669 899
230 891
800 990
963 634
490 924
470 317
243 784
961 77
246 497
1000 757
35 712
184 482
41 63
249 316
247 985
821 768
764 642
844 653
296 139
973 879
904 842
545 616
877 467
970 247
939 816
245 89
562 301
637 871
49 710
608 595
625 395
2 212
793 711
222 811
944 629
709 8
469 658
932 30
257 770
136 62
984 709
644 569
996 824
667 968
145 998
129 505
295 556
84 541
358 404
331 246
399 626
11 786
954 135
133 546
707 965
232 483
553 307
323 972
380 811
716 909
608 14
864 248
383 944
663 578
319 152
968 134
695 301
167 980
793 234
146 846
100 265
958 748
886 857
327 530
608 364
313 64
738 995
679 466
870 456
935 416
955 622
815 766
208 411
886 176
632 576
925 507
696 989
189 775
109 9
572 488
4 907
482 413
155 481
446 288
48 895
700 515
752 178
386 727
672 36
585 709
344 85
606 365
203 426
922 692
80 575
498 738
463 852
28 311
438 658
689 752
818 980
670 781
766 998
783 566
353 251
75 890
616 703
686 499
16 501
624 154
897 540
439 493
46 49
710 104
609 155
576 76
462 161
979 121
675 272
567 774
653 927
98 627
598 844
399 545
1 146
440 942
296 562
885 272
836 180
672 829
498 303
444 841
266 185
234 373
219 203
916 211
756 402
684 407
189 815
210 266
439 362
551 961
510 553
202 870
902 117
119 451
506 516
345 386
897 363
129 897
539 950
262 871
251 824
113 831
100 3
318 94
637 235
103 904
750 445
865 917
285 800
17 706
329 752
717 797
138 514
468 781
644 264
132 36
636 770
782 154
344 386
967 106
458 182
304 784
411 20
695 554
503 394
416 654
435 154
878 690
259 456
188 482
942 719
304 751
183 697
886 120
767 303
790 370
44 624
849 699
934 573
886 282
687 351
111 553
392 975
720 136
305 70
15 823
508 587
902 769
96 77
779 346
581 90
512 639
395 85
864 66
97 341
975 374
729 84
133 634
245 966
747 396
509 945
256 91
55 325
426 391
45 431
393 854
357 109
272 725
220 699
61 726
12 655
180 345
231 961
43 35
228 109
856 782
376 728
432 538
270 334
167 808
275 52
60 806
172 596
621 643
243 722
437 328
351 502
78 602
714 672
138 599
433 813
470 256
825 247
790 867
242 368
246 379
856 731
503 328
105 681
307 229
181 708
187 907
574 101
425 18
482 69
209 763
122 172
527 177
491 273
808 493
915 339
900 5
502 902
227 491
47 92
430 332
715 14
843 213
537 802
494 855
121 138
26 473
906 740
35 525
518 761
386 929
961 819
727 960
526 405
965 859
162 920
754 714
460 833
175 478
692 564
823 450
628 682
168 136
741 885
758 829
83 119
469 878
827 884
611 525
741 966
799 559
746 876
28 803
909 870
15 779
736 202
55 26
629 177
372 142
637 646
414 431
197 805
879 697
70 830
64 614
102 994
799 24
858 580
694 230
860 26
615 288
226 914
146 987
163 971
348 469
462 341
767 714
921 769
437 25
129 856
970 488
1000 171
820 990
199 499
601 553
744 97
773 177
830 290
817 693
927 641
570 999
901 29
419 403
694 588
308 447
751 661
339 699
649 93
788 992
696 32
571 924
916 938
791 659
151 816
640 558
482 105
526 164
48 803
967 50
991 484
549 990
862 175
153 517
89 267
476 365
168 70
204 700
478 295
995 667
248 500
107 75
805 134
899 65
349 10
425 714
746 686
984 343
787 756
148 622
871 26
528 388
927 260
178 261
644 570
314 965
542 741
735 995
248 65
528 19
547 305
875 876
34 452
988 133
551 607
132 969
495 887
261 747
723 464
169 454
432 23
933 454
870 48
618 41
360 313
824 744
380 27
537 5
408 79
459 579
627 282
893 98
819 835
751 132
842 672
220 716
2 261
573 816
833 799
444 900
124 400
90 224
328 693
114 218
366 493
924 609
228 86
381 400
114 45
437 439
670 148
708 879
638 744
661 447
932 130
781 650
88 543
398 106
860 721
833 347
393 298
958 797
416 901
844 125
995 251
668 179
30 928
363 389
492 39
405 628
518 661
904 9
565 422
933 130
257 673
330 937
169 109
79 758
784 702
929 571
348 533
493 540
973 786
238 61
689 759
800 328
840 869
947 139
217 490
968 960
420 9
24 882
469 518
729 327
731 308
473 641
810 512
408 576
5 802
598 611
638 396
378 526
754 869
6 608
358 87
766 336
469 806
257 158
430 249
187 93
300 212
652 1
211 339
33 951
803 183
567 182
897 942
914 772
440 943
96 17
228 566
690 735
237 704
419 271
537 112
561 74
907 34
604 40
436 714
897 72
682 750
475 100
384 777
498 447
831 451
579 378
10 163
659 562
237 994
422 700
632 272
850 827
778 172
393 906
730 869
521 390
760 692
746 395
323 342
894 515
878 132
91 210
937 726
902 148
461 508
257 147
797 98
123 229
927 739
34 654
878 119
433 768
730 54
252 310
271 252
368 347
185 379
169 798
151 922
317 398
85 146
277 917
226 968
613 684
887 29
728 442
545 836
618 882
583 772
658 477
695 922
57 546
166 204
887 434
523 585
967 506
882 526
352 525
445 268
728 216
865 449
22 894
169 474
559 77
778 804
32 974
72 747
749 719
127 79
532 779
477 12
460 862
410 71
303 752
255 235
793 702
957 371
541 884
357 583
103 39
947 389
223 820
130 249
561 315
77 564
357 936
983 612
654 572
642 92
589 484
318 989
89 847
920 469
974 136
775 937
228 554
234 199
771 542
819 778
396 969
974 426
71 26
119 561
244 657
396 856
491 680
717 508
168 775
817 430
323 165
641 216
769 259
39 632
872 394
963 981
342 498
678 632
769 700
422 442
833 481
800 726
195 268
507 46
90 506
554 333
319 663
4 957
132 138
635 155
563 422
108 377
578 121
178 843
769 888
938 849
353 471
777 341
748 184
791 876
459 719
559 240
27 3
320 55
28 376
175 251
982 761
876 20
330 489
524 760
321 659
505 494
569 693
770 856
377 164
468 341
992 291
151 320
466 402
106 189
993 99
405 469
56 901
529 769
192 597
425 891
392 891
339 318
382 480
864 111
974 228
7 39
300 51
726 731
729 891
759 775
651 16
675 150
403 191
517 743
534 719
607 911
677 13
315 519
232 167
160 580
103 668
54 352
629 756
744 258
746 432
87 232
90 188
716 728
272 833
347 263
732 275
281 693
302 777
581 514
526 377
159 700
773 176
901 395
344 200
264 960
411 659
412 200
86 19
751 807
756 911
557 682
743 983
601 970
456 713
820 108
768 463
237 494
60 553
689 906
981 927
764 257
933 796
94 280
683 877
244 685
929 685
660 555
130 714
22 964
424 435
614 930
506 211
550 110
202 200
990 97
517 383
408 839
210 559
261 440
875 291
913 2
314 736
577 302
141 271
853 649
362 148
325 32
330 374
956 134
802 764
529 860
549 273
47 559
442 255
153 64
983 556
70 399
297 520
71 866
917 398
719 22
45 67
249 600
614 91
651 175
29 719
46 727
12 483
569 554
128 160
951 208
2 649
955 277
51 984
489 363
306 787
471 463
39 443
220 717
186 333
663 973
724 717
460 204
363 939
475 825
482 372
698 339
57 73
755 158
423 142
464 453
677 743
4 855
481 902
794 849
464 340
854 449
820 209
834 53
237 466
903 370
649 159
610 632
407 344
869 541
66 218
643 598
327 225
554 39
938 902
995 75
43 566
27 173
304 886
268 657
967 17
255 259
610 782
304 709
324 195
783 136
416 723
184 623
4 910
187 656
41 668
448 164
212 69
69 348
930 964
202 127
62 707
504 891
126 278
439 495
758 203
671 920
173 191
301 394
378 527
989 266
447 561
728 825
914 754
383 739
184 939
301 813
465 274
429 503
141 515
296 564
104 637
884 90
121 562
765 233
72 106
163 898
531 193
28 139
997 39
764 790
11 342
217 589
987 113
134 144
467 917
907 656
357 297
821 506
125 989
532 3
920 805
982 167
87 257
90 487
613 969
65 803
412 48
34 766
679 210
627 677
88 763
314 158
942 896
100 867
617 415
844 98
46 10
43 645
118 347
228 888
74 277
492 4
700 545
362 665
887 397
478 192
804 583
827 686
203 328
353 315
709 590
505 96
141 18
473 962
700 263
829 101
577 500
69 304
49 412
565 642
182 625
663 226
408 558
359 43
605 619
81 755
832 85
211 16
189 883
527 640
419 127
221 183
996 867
659 917
699 404
95 345
802 919
988 78
367 371
991 853
909 546
91 373
780 382
576 884
43 502
335 582
607 938
958 620
210 492
618 497
928 574
858 307
587 979
73 909
920 914
275 924
341 840
755 342
424 924
552 253
635 956
962 132
319 769
411 782
591 885
117 930
687 618
636 66
450 963
318 509
749 642
826 550
117 595
192 694
65 184
783 180
877 57
60 501
143 698
682 456
460 57
326 822
182 819
737 584
511 941
758 486
80 761
62 441
108 175
519 801
211 206
685 501
767 461
733 301
625 492
473 591
737 810
774 881
866 910
724 16
796 997
102 420
909 130
583 303
315 237
98 727
980 233
395 149
35 250
392 484
940 687
836 1000
641 718
718 460
242 573
125 464
197 803
219 791
412 436
186 736
442 58
883 516
426 408
673 590
676 855
988 961
585 676
833 896
504 82
910 828
555 447
521 739
372 477
802 12
987 527
695 379
756 379
155 986
81 470
800 644
584 315
324 638
418 487
220 959
946 697
498 825
741 203
561 605
672 916
565 61
937 446
820 98
632 662
890 390
156 198
605 913
640 283
752 616
471 991
790 781
114 376
96 979
928 201
527 102
948 201
1 956
643 637
95 96
758 288
616 281
778 520
321 931
986 951
550 28
237 271
517 493
496 407
957 246
995 959
498 765
593 238
736 252
951 984
57 714
611 111
294 681
463 226
688 996
947 177
307 270
199 740
992 518
408 759
999 893
979 799
382 833
885 118
244 866
139 470
837 243
607 409
184 801
558 183
207 15
69 658
420 324
788 559
558 401
917 510
479 685
716 904
571 119
594 44
82 344
745 168
998 330
983 226
589 359
20 102
668 858
778 182
720 83
618 457
319 123
447 182
820 956
380 123
436 901
54 508
350 583
171 176
356 252
516 803
86 973
566 665
229 461
831 109
65 838
670 293
764 64
454 944
752 407
273 770
226 802
91 484
84 452
14 43
587 295
878 298
881 198
421 107
957 169
779 118
585 256
908 627
247 777
530 61
680 722
22 993
403 609
131 109
835 674
522 278
406 499
444 34
579 681
302 192
620 459
35 455
396 958
630 20
978 525
247 732
438 947
900 652
903 607
433 17
883 553
794 58
23 860
221 664
100 383
641 645
515 252
864 458
827 190
975 494
154 338
451 322
987 436
21 220
280 858
107 629
129 75
370 481
177 327
185 844
258 512
81 227
730 836
8 578
725 827
324 656
470 203
592 640
663 833
501 780
601 758
376 703
360 242
664 444
298 902
171 156
364 258
532 243
436 8
659 406
646 143
798 858
434 473
218 320
365 239
864 690
488 401
859 457
913 880
203 109
26 558
890 289
217 185
956 660
922 612
752 2
979 474
892 597
895 790
700 256
974 675
293 723
635 923
714 164
198 93
917 513
519 845
520 885
39 775
297 444
887 579
619 225
636 705
657 460
931 701
309 881
754 820
495 602
406 249
999 26
323 589
231 108
128 557
845 752
724 211
301 126
343 647
823 153
188 912
651 264
889 773
598 879
106 121
311 597
456 72
332 747
7 61
637 336
638 27
784 262
770 297
76 736
885 610
935 245
175 1000
470 1000
570 394
220 263
377 616
578 913
320 897
329 810
515 804
985 913
510 584
819 747
538 735
482 383
336 411
582 748
567 793
492 534
972 776
539 919
591 598
635 974
512 978
788 138
740 131
673 94
125 593
471 581
19 60
974 773
494 286
721 298
575 83
578 341
796 284
677 527
398 32
436 147
170 451
937 465
47 891
588 45
290 1000
256 696
116 158
46 280
632 857
397 425
382 761
296 260
244 762
658 78
363 220
592 470
204 516
601 424
967 361
277 597
634 32
909 48
767 460
790 285
636 741
144 5
219 731
408 442
117 168
157 769
503 943
822 541
1 317
917 263
115 907
915 675
167 429
266 907
84 662
784 68
289 634
876 474
624 387
457 828
133 365
560 923
334 474
281 206
671 953
84 517
141 586
399 538
201 295
936 942
371 83
334 69
298 611
309 731
720 608
958 702
138 419
855 274
592 554
275 262
812 39
686 504
91 767
665 259
25 924
211 841
711 704
200 470
664 69
521 476
333 358
595 559
797 439
928 458
512 9
552 794
612 901
459 208
384 88
815 599
342 143
329 828
701 149
475 618
4 780
354 345
903 825
69 802
282 862
271 310
844 84
517 202
424 663
612 200
597 380
523 617
38 272
109 178
847 964
904 16
506 110
839 96
587 395
381 958
94 951
460 563
250 107
752 217
606 260
559 150
835 662
946 249
359 396
148 779
663 180
700 339
852 243
670 932
253 634
897 564
404 620
25 369
244 867
227 631
433 244
732 968
499 343
870 890
546 644
758 911
7 359
524 83
852 320
231 773
141 541
26 363
666 140
708 263
177 457
710 701
495 665
24 324
67 39
323 944
346 371
309 365
809 34
32 968
500 760
410 736
368 886
185 160
191 423
759 922
727 248
17 815
380 5
402 739
320 888
67 213
394 271
432 598
474 241
204 426
57 184
419 801
481 900
554 601
857 289
76 67
167 276
152 531
65 246
462 880
94 363
792 547
523 271
856 662
527 69
56 350
679 270
296 333
400 176
813 750
348 609
899 883
442 746
682 923
135 701
191 705
50 471
982 692
796 988
198 231
1 697
827 757
942 294
461 542
888 758
148 815
790 362
425 666
672 373
378 666
467 779
500 233
374 710
241 975
187 481
336 997
633 17
797 872
505 646
639 47
876 403
382 92
628 284
884 525
603 880
54 994
901 875
629 886
351 704
225 368
283 848
766 49
966 567
254 229
491 725
475 200
2 760
42 957
722 75
54 648
135 436
600 531
285 327
802 851
984 882
896 276
237 590
2 619
24 463
557 155
599 864
513 29
955 416
581 206
8 579
209 70
7 783
563 847
831 832
566 26
440 494
39 190
704 799
707 80
194 255
567 879
370 526
114 76
848 57
521 357
389 253
561 612
433 773
52 89
343 682
271 249
365 238
463 884
522 793
355 40
511 602
692 105
769 992
240 291
632 830
173 844
668 570
824 517
877 228
844 499
972 312
331 982
820 324
184 160
973 674
758 408
460 635
300 736
373 950
800 248
602 700
749 315
930 887
1 645
994 34
524 727
173 511
31 993
83 494
846 208
249 986
767 440
951 289
974 608
336 818
830 742
580 733
600 179
928 47
144 425
127 942
699 313
917 738
152 995
430 531
172 351
712 700
722 943
441 394
576 475
816 330
780 237
36 510
452 14
568 815
699 7
777 507
866 556
797 622
154 912
875 710
271 635
163 834
789 250
336 382
817 193
51 997
188 293
237 562
538 685
647 125
501 973
851 414
285 476
371 773
502 553
194 790
910 576
324 757
959 29
321 409
971 451
437 291
422 441
858 83
293 249
720 80
99 365
227 160
501 513
411 825
17 674
164 727
825 251
790 871
508 131
522 829
597 359
29 283
583 852
86 212
288 155
216 896
952 242
327 26
679 321
422 234
423 519
429 710
449 136
434 220
161 636
787 800
471 795
967 457
520 421
728 251
168 882
942 636
307 391
230 525
430 451
147 572
508 935
344 128
640 893
917 947
1000 971
162 916
58 613
815 787
500 482
904 689
559 467
317 964
212 238
340 283
861 135
349 83
277 310
850 408
480 146
727 802
124 853
801 904
328 370
571 286
148 453
666 6
741 962
754 588
616 921
448 571
713 97
417 556
241 864
496 791
742 500
345 770
77 331
704 411
614 178
142 572
528 201
638 52
210 319
860 273
746 157
985 835
492 853
110 348
299 255
817 382
86 709
52 477
402 764
367 228
149 401
959 416
594 325
